
FLOW_OUT_1
observed    simulated
1.3800        0.2029      
1.8900        2.4070      
5.2000        0.2020      
6.7300        1.6320      
2.7100        0.2363      
0.1400        0.2005      
0.0300        0.1771      
0.0000        0.1592      
0.0000        0.1453      
0.1900        0.1390      
0.8400        0.1326      
1.4200        0.1273      
1.0400        0.1190      
1.0200        0.1092      
9.8500        0.7499      
11.0700       2.0100      
1.7700        0.8869      
0.1600        0.6885      
0.0800        0.6171      
0.0000        0.5593      
0.0000        0.5116      
0.1900        0.4754      
0.5600        0.4393      
2.2000        0.4932      
1.5100        3.3830      
1.7300        4.2740      
6.9200        0.5423      
28.2800       1.3260      
18.3700       0.5546      
4.1500        0.4066      
0.1100        0.3604      
0.0100        0.3263      
0.1600        0.2983      
0.9200        0.2742      
1.8500        0.2555      
2.0400        0.2448      
1.8000        0.2209      
2.1700        0.2281      
10.3100       0.4171      
32.1700       0.1987      
17.6400       0.2973      
2.8600        0.1677      
0.1500        0.1380      
0.1000        0.1205      
0.1100        0.1089      
0.6900        0.1023      
3.6700        0.2806      
4.0900        0.5989      
12.8400       1.7320      
5.6800        1.4660      
30.3400       1.3020      
21.8200       1.4360      
4.2400        1.3130      
0.6700        1.1880      
0.1600        1.0790      
0.0800        0.9838      
0.2700        0.9016      
0.9700        0.8310      
6.4500        0.8839      
1.1100        0.7328      
0.8900        0.6614      
2.0500        0.6040      
6.1800        0.5491      
10.8600       0.5235      
5.5400        0.4711      
7.0600        0.4155      
0.2000        0.3730      
0.0000        0.3368      
0.0900        0.3106      
1.0700        0.2887      
1.6500        0.2646      
1.9800        0.2429      
1.9300        0.2283      
2.9800        0.2064      
4.7500        0.2112      
17.8800       0.2036      
9.7900        0.1784      
0.8500        0.1487      
1.0900        0.1268      
0.0500        0.1120      
0.0000        0.1042      
1.0400        0.1027      
1.9800        0.1005      
1.9500        0.0926      
1.8400        0.0831      
2.7700        0.7065      
3.5800        0.0831      
10.1600       0.0680      
2.8400        0.0662      
0.3200        0.0648      
2.0500        0.0632      
0.0000        0.0462      
0.0000        0.0400      
0.2300        0.0364      
0.7000        0.0583      
0.8800        0.0497      
2.0700        0.0388      
1.8000        0.8597      
11.4900       1.8640      
8.5300        0.5860      
2.7100        0.3517      
0.5400        0.3088      
0.0000        0.2756      
0.0000        0.2505      
0.0000        0.2280      
0.2500        0.2111      
0.7700        0.1977      
1.0500        0.1814      
1.1900        0.1786      
1.4400        0.1613      
1.3300        0.1420      
1.3800        0.1300      
0.2300        0.1140      
0.2100        0.0977      
0.0900        0.0874      
0.0800        0.0791      
0.0000        0.0743      
0.0200        0.0701      
0.7200        0.0783      
1.2200        0.0699      
1.3300        0.0667      
0.9800        0.0565      
3.2700        1.0290      
2.2400        0.0824      
0.3300        0.0621      
0.1300        0.0450      
0.0000        0.0323      
0.0000        0.0269      
0.0000        0.0256      
0.2900        0.0299      
0.4300        0.0390      
0.6500        0.0438      
1.2300        0.0468      
1.0300        0.0312      
2.3500        0.0258      
0.7300        0.0235      
0.4800        0.0206      
0.1100        0.0089      
0.0000        0.0047      
0.0000        0.0019      
0.0000        0.0040      


FLOW_OUT_3
observed    simulated
46.2700       17.6600     
59.3600       88.7700     
143.5500      132.4000    
233.8700      52.6200     
91.6400       16.3000     
6.9600        5.5650      
0.9700        3.8450      
0.4800        3.1460      
0.8500        4.0970      
10.8200       7.5620      
28.0900       8.9880      
40.0100       17.2900     
48.1700       9.8140      
56.7000       113.1000    
213.4200      82.0500     
329.3000      64.7400     
72.6700       31.4400     
10.3300       14.6500     
2.9700        6.8410      
0.7200        5.8970      
3.1000        7.4600      
22.8900       10.8100     
36.4100       38.7700     
72.6800       15.9000     
66.1800       76.6700     
97.1100       212.0000    
150.5900      191.2000    
458.1700      94.0600     
423.7100      54.7100     
241.7000      27.6100     
43.4500       22.0100     
15.9700       21.1400     
23.6400       20.8800     
40.4300       21.4700     
57.0300       35.1600     
72.3900       39.3400     
61.6200       48.7400     
77.9000       98.4300     
173.6500      64.5200     
415.1000      45.3700     
277.3500      43.1300     
73.3700       21.3000     
10.4700       16.9700     
13.2200       15.4900     
10.8500       15.4800     
23.2600       17.4800     
129.6900      24.3600     
138.7700      52.9800     
201.9800      127.4000    
155.2700      132.6000    
448.4200      87.3600     
459.1800      131.7000    
226.2100      100.9000    
59.3300       54.5000     
16.1300       46.5700     
4.8100        42.2100     
16.5800       42.0300     
62.2400       41.8000     
256.3600      153.5000    
122.7200      89.5100     
115.0000      94.4300     
146.2100      74.8600     
225.8400      38.9800     
340.7700      93.9500     
326.3200      116.1000    
197.0500      82.7800     
31.1500       55.2700     
11.4400       49.4200     
19.1000       48.1900     
44.6000       47.4700     
50.4900       45.8000     
55.7300       43.4400     
69.2200       39.9600     
111.1100      56.0900     
155.4200      63.1000     
631.6700      186.4000    
255.0000      47.5700     
26.4200       36.3200     
17.9100       31.2700     
6.5100        27.8800     
17.5400       27.4900     
36.0800       28.4700     
52.3500       28.2600     
59.1000       26.5000     
55.5900       24.4900     
60.8900       45.2600     
88.3900       21.0600     
219.3300      23.5500     
134.9200      10.1400     
31.5900       4.6930      
14.5200       2.4210      
0.4200        1.0350      
2.0000        3.9900      
14.2500       5.9850      
58.4000       8.7030      
53.3600       9.0550      
52.1800       11.7900     
83.9100       209.3000    
305.7700      281.8000    
497.1300      29.5900     
184.2000      23.6000     
30.9700       14.7200     
4.6500        11.9900     
5.0400        10.6500     
5.6000        11.7800     
20.7100       13.5400     
38.6900       14.6000     
40.4000       14.3500     
48.5800       17.7900     
56.5800       13.3500     
57.8900       12.8300     
60.8400       9.3660      
13.4600       1.1810      
1.5900        0.0000      
2.6900        0.0000      
4.9800        0.0000      
2.6300        0.0070      
6.3300        1.0080      
19.6500       4.2140      
26.8100       14.7500     
29.2100       11.8800     
32.0300       85.1600     
111.7000      71.0800     
127.1000      16.6500     
23.6900       1.3700      
2.2600        0.0000      
0.5500        0.0000      
0.2700        0.0000      
0.2200        0.0021      
0.7700        1.9960      
10.3200       4.0110      
25.8400       8.1320      
30.2200       8.8430      
39.6700       41.8600     
70.3700       0.8567      
47.9700       0.0000      
13.9100       0.0000      
0.3500        0.0000      
0.2500        0.0000      
0.2000        0.0000      
0.1900        0.0000      


FLOW_OUT_7
observed    simulated
2.0800        9.1550      
12.5100       17.1100     
22.1800       9.4640      
44.6100       112.9000    
35.0900       79.6900     
53.5200       57.7000     
85.5200       29.8100     
373.4700      14.5500     
306.0000      7.2730      
113.1900      6.3190      
23.1200       7.4480      
5.8200        10.0600     
20.2100       37.6000     
28.9100       13.9900     
37.3400       55.7500     
50.1100       186.8000    
54.5100       189.4000    
60.2100       89.8700     
125.0300      54.0700     
192.0000      28.3300     
157.5700      23.1500     
52.1200       21.9800     
7.7000        21.4500     
10.0600       21.6100     
8.2500        34.7100     
14.4000       38.5700     
66.6200       47.8700     
88.9500       97.9100     
138.6700      63.8100     
122.6900      45.8000     
285.6400      43.6800     
254.1400      22.6300     
151.6200      18.4500     
48.0400       16.8400     
14.6200       16.5500     
5.4100        18.0200     
12.6600       23.5600     
37.6500       50.3100     
109.1500      117.5000    
67.8900       124.0000    
77.6600       82.2700     
112.9500      127.3000    
146.0300      97.5400     
244.2300      52.2800     
272.3200      44.9800     
184.8400      40.8000     
25.3300       40.2300     
14.9400       39.4700     
13.7100       150.3000    
34.9900       86.6000     
42.6100       91.9700     
46.6400       72.8800     
51.6200       37.8100     
75.3800       93.2300     
105.9700      116.3000    
353.0000      83.4900     
175.9800      56.2300     
27.8300       50.4900     
24.9300       48.7300     
3.5300        47.5500     
8.8900        45.4400     
30.3600       42.8000     
37.7200       39.3100     
40.0000       55.8000     
43.6500       63.0400     
42.3400       186.7000    
52.3400       48.5600     
139.3200      37.7400     
74.9800       32.7900     
18.0900       29.3300     
8.5800        28.5200     
0.3200        29.0000     
2.3900        28.3800     
8.9200        26.5700     
34.7400       24.5100     
33.0700       36.4500     
34.2900       21.3600     
55.8400       24.4200     
198.8400      11.2800     
308.3300      6.1380      
125.5300      3.8520      
38.5800       2.5340      
5.9600        5.0540      
4.3100        6.6950      
5.1800        8.8950      
15.4100       9.1510      
23.1800       11.7900     
25.4000       205.6000    
30.8100       272.2000    
32.8100       28.8900     
35.4700       24.1300     
33.6800       15.9300     
10.4400       13.2600     
0.7500        11.8700     
3.8300        12.5700     
2.0300        13.8700     
1.5800        14.5300     
4.5500        14.0600     
9.7000        17.2700     
14.4800       13.5000     
16.9400       13.1900     
23.9900       10.1000     
69.9200       2.1650      
63.2100       0.0011      
15.7700       0.0000      
3.8500        0.0000      
1.2600        0.1738      
0.3400        1.6640      
0.4000        4.4360      
0.6200        14.7800     
7.9000        11.9600     
0.9800        85.3800     
3.2700        66.9500     
2.2400        17.4800     
0.3300        2.3130      
0.1300        0.0292      
0.0000        0.0000      
0.0000        0.0000      
0.0000        0.0595      
0.2900        2.6200      
0.4300        4.2900      


NO3_OUT_7
observed    simulated
17000.0000    6873.0000   
510000.0000   51150.0000  
56000.0000    1901.0000   
61000.0000    0.0000      
1100.0000     0.0000      
14.0000       0.0000      
0.2300        0.0000      
5.8000        0.0000      
6.4000        0.0000      
3.2000        0.0000      
5800.0000     32.0700     
7400.0000     180.2000    

