   1 
1  2.029000e-001
2  2.407000e+000
3  2.020000e-001
4  1.632000e+000
5  2.363000e-001
6  2.005000e-001
7  1.771000e-001
8  1.592000e-001
9  1.453000e-001
10  1.390000e-001
11  1.326000e-001
12  1.273000e-001
13  1.190000e-001
14  1.092000e-001
15  7.499000e-001
16  2.010000e+000
17  8.869000e-001
18  6.885000e-001
19  6.171000e-001
20  5.593000e-001
21  5.116000e-001
22  4.754000e-001
23  4.393000e-001
24  4.932000e-001
25  3.383000e+000
26  4.274000e+000
27  5.423000e-001
28  1.326000e+000
29  5.546000e-001
30  4.066000e-001
31  3.604000e-001
32  3.263000e-001
33  2.983000e-001
34  2.742000e-001
35  2.555000e-001
36  2.448000e-001
37  2.209000e-001
38  2.281000e-001
39  4.171000e-001
40  1.987000e-001
41  2.973000e-001
42  1.677000e-001
43  1.380000e-001
44  1.205000e-001
45  1.089000e-001
46  1.023000e-001
47  2.806000e-001
48  5.989000e-001
49  1.732000e+000
50  1.466000e+000
51  1.302000e+000
52  1.436000e+000
53  1.313000e+000
54  1.188000e+000
55  1.079000e+000
56  9.838000e-001
57  9.016000e-001
58  8.310000e-001
59  8.839000e-001
60  7.328000e-001
61  6.614000e-001
62  6.040000e-001
63  5.491000e-001
64  5.235000e-001
65  4.711000e-001
66  4.155000e-001
67  3.730000e-001
68  3.368000e-001
69  3.106000e-001
70  2.887000e-001
71  2.646000e-001
72  2.429000e-001
73  2.283000e-001
74  2.064000e-001
75  2.112000e-001
76  2.036000e-001
77  1.784000e-001
78  1.487000e-001
79  1.268000e-001
80  1.120000e-001
81  1.042000e-001
82  1.027000e-001
83  1.005000e-001
84  9.258000e-002
85  8.312000e-002
86  7.065000e-001
87  8.311000e-002
88  6.802000e-002
89  6.618000e-002
90  6.479000e-002
91  6.318000e-002
92  4.620000e-002
93  3.999000e-002
94  3.639000e-002
95  5.833000e-002
96  4.967000e-002
97  3.879000e-002
98  8.597000e-001
99  1.864000e+000
100  5.860000e-001
101  3.517000e-001
102  3.088000e-001
103  2.756000e-001
104  2.505000e-001
105  2.280000e-001
106  2.111000e-001
107  1.977000e-001
108  1.814000e-001
109  1.786000e-001
110  1.613000e-001
111  1.420000e-001
112  1.300000e-001
113  1.140000e-001
114  9.767000e-002
115  8.742000e-002
116  7.906000e-002
117  7.427000e-002
118  7.007000e-002
119  7.829000e-002
120  6.988000e-002
121  6.667000e-002
122  5.649000e-002
123  1.029000e+000
124  8.236000e-002
125  6.213000e-002
126  4.501000e-002
127  3.232000e-002
128  2.687000e-002
129  2.559000e-002
130  2.993000e-002
131  3.896000e-002
132  4.383000e-002
133  4.678000e-002
134  3.121000e-002
135  2.580000e-002
136  2.351000e-002
137  2.060000e-002
138  8.949000e-003
139  4.725000e-003
140  1.868000e-003
141  3.957000e-003
   2 
1  7.904000e-001
2  1.005000e+001
3  1.018000e+000
4  5.798000e+000
5  4.673000e-002
6  7.364000e-004
7  0.000000e+000
8  0.000000e+000
9  0.000000e+000
10  1.687000e-003
11  5.517000e-003
12  1.457000e-001
13  2.950000e-001
14  7.056000e-001
15  5.107000e+000
16  6.644000e+000
17  1.825000e+000
18  7.505000e-003
19  2.158000e-005
20  0.000000e+000
21  0.000000e+000
22  3.846000e-003
23  7.109000e-003
24  4.581000e+000
25  8.563000e+000
26  1.168000e+001
27  3.993000e-001
28  3.816000e+000
29  9.883000e-001
30  5.333000e-002
31  3.787000e-004
32  1.833000e-005
33  7.224000e-007
34  5.280000e-006
35  2.844000e-003
36  5.447000e-001
37  1.413000e+000
38  2.430000e+000
39  4.249000e+000
40  1.265000e+000
41  1.652000e+000
42  5.491000e-001
43  2.556000e-003
44  3.990000e-006
45  0.000000e+000
46  2.096000e-002
47  6.079000e+000
48  1.811000e+000
49  5.120000e+000
50  3.514000e+000
51  4.505000e+000
52  7.981000e-001
53  3.848000e-001
54  2.154000e-003
55  0.000000e+000
56  0.000000e+000
57  0.000000e+000
58  2.051000e-003
59  6.250000e+000
60  2.616000e-002
61  5.135000e-001
62  1.885000e-001
63  8.308000e-003
64  1.806000e+000
65  1.884000e-002
66  2.840000e-003
67  0.000000e+000
68  0.000000e+000
69  8.833000e-005
70  6.409000e-004
71  7.764000e-004
72  1.517000e-003
73  7.555000e-003
74  4.157000e-003
75  8.704000e-001
76  1.552000e+000
77  6.399000e-001
78  4.831000e-003
79  0.000000e+000
80  0.000000e+000
81  4.043000e-005
82  3.104000e-003
83  9.148000e-003
84  8.971000e-003
85  6.700000e-003
86  5.813000e+000
87  5.791000e-001
88  5.784000e-003
89  1.833000e+000
90  2.995000e-002
91  1.946000e+000
92  1.543000e-003
93  1.965000e-004
94  4.947000e-005
95  3.641000e-001
96  1.818000e-002
97  5.750000e-002
98  1.132000e+001
99  6.456000e+000
100  2.004000e+000
101  5.095000e-001
102  4.478000e-003
103  3.385000e-004
104  3.344000e-004
105  0.000000e+000
106  7.131000e-004
107  5.459000e-003
108  4.671000e-003
109  4.875000e-001
110  1.252000e-002
111  5.698000e-003
112  5.369000e-003
113  9.140000e-004
114  0.000000e+000
115  0.000000e+000
116  0.000000e+000
117  0.000000e+000
118  7.344000e-005
119  1.132000e-001
120  8.545000e-003
121  1.684000e-002
122  7.948000e-001
123  8.376000e+000
124  7.667000e-002
125  1.043000e-001
126  2.709000e-003
127  0.000000e+000
128  0.000000e+000
129  0.000000e+000
130  1.283000e-003
131  2.767000e-001
132  9.530000e-001
133  2.301000e-002
134  1.037000e-002
135  1.908000e-001
136  6.297000e-003
137  5.081000e-003
138  0.000000e+000
139  0.000000e+000
140  0.000000e+000
141  0.000000e+000
