   1 
11  9.155000e+000
12  1.711000e+001
13  9.464000e+000
14  1.129000e+002
15  7.969000e+001
16  5.770000e+001
17  2.981000e+001
18  1.455000e+001
19  7.273000e+000
20  6.319000e+000
21  7.448000e+000
22  1.006000e+001
23  3.760000e+001
24  1.399000e+001
25  5.575000e+001
26  1.868000e+002
27  1.894000e+002
28  8.987000e+001
29  5.407000e+001
30  2.833000e+001
31  2.315000e+001
32  2.198000e+001
33  2.145000e+001
34  2.161000e+001
35  3.471000e+001
36  3.857000e+001
37  4.787000e+001
38  9.791000e+001
39  6.381000e+001
40  4.580000e+001
41  4.368000e+001
42  2.263000e+001
43  1.845000e+001
44  1.684000e+001
45  1.655000e+001
46  1.802000e+001
47  2.356000e+001
48  5.031000e+001
49  1.175000e+002
50  1.240000e+002
51  8.227000e+001
52  1.273000e+002
53  9.754000e+001
54  5.228000e+001
55  4.498000e+001
56  4.080000e+001
57  4.023000e+001
58  3.947000e+001
59  1.503000e+002
60  8.660000e+001
61  9.197000e+001
62  7.288000e+001
63  3.781000e+001
64  9.323000e+001
65  1.163000e+002
66  8.349000e+001
67  5.623000e+001
68  5.049000e+001
69  4.873000e+001
70  4.755000e+001
71  4.544000e+001
72  4.280000e+001
73  3.931000e+001
74  5.580000e+001
75  6.304000e+001
76  1.867000e+002
77  4.856000e+001
78  3.774000e+001
79  3.279000e+001
80  2.933000e+001
81  2.852000e+001
82  2.900000e+001
83  2.838000e+001
84  2.657000e+001
85  2.451000e+001
86  3.645000e+001
87  2.136000e+001
88  2.442000e+001
89  1.128000e+001
90  6.138000e+000
91  3.852000e+000
92  2.534000e+000
93  5.054000e+000
94  6.695000e+000
95  8.895000e+000
96  9.151000e+000
97  1.179000e+001
98  2.056000e+002
99  2.722000e+002
100  2.889000e+001
101  2.413000e+001
102  1.593000e+001
103  1.326000e+001
104  1.187000e+001
105  1.257000e+001
106  1.387000e+001
107  1.453000e+001
108  1.406000e+001
109  1.727000e+001
110  1.350000e+001
111  1.319000e+001
112  1.010000e+001
113  2.165000e+000
114  1.116000e-003
115  0.000000e+000
116  0.000000e+000
117  1.738000e-001
118  1.664000e+000
119  4.436000e+000
120  1.478000e+001
121  1.196000e+001
122  8.538000e+001
123  6.695000e+001
124  1.748000e+001
125  2.313000e+000
126  2.922000e-002
127  0.000000e+000
128  0.000000e+000
129  5.954000e-002
130  2.620000e+000
131  4.290000e+000
   2 
11  2.966000e+001
12  2.140000e+001
13  8.270000e+000
14  2.804000e+002
15  3.123000e+002
16  1.895000e+002
17  6.939000e+001
18  2.398000e+001
19  0.000000e+000
20  0.000000e+000
21  0.000000e+000
22  3.513000e+000
23  1.212000e+002
24  5.658000e+001
25  8.283000e+001
26  3.949000e+002
27  4.252000e+002
28  2.252000e+002
29  1.210000e+002
30  5.613000e+000
31  0.000000e+000
32  0.000000e+000
33  0.000000e+000
34  0.000000e+000
35  8.860000e+001
36  4.307000e+001
37  1.262000e+002
38  2.002000e+002
39  1.926000e+002
40  1.219000e+002
41  1.236000e+002
42  6.294000e+000
43  0.000000e+000
44  0.000000e+000
45  0.000000e+000
46  3.829000e-003
47  1.592000e+002
48  1.190000e+002
49  2.669000e+002
50  1.921000e+002
51  2.128000e+002
52  2.890000e+002
53  1.982000e+002
54  1.726000e+001
55  0.000000e+000
56  0.000000e+000
57  0.000000e+000
58  0.000000e+000
59  5.128000e+002
60  1.010000e+002
61  1.202000e+002
62  1.282000e+002
63  1.286000e+001
64  2.587000e+002
65  2.627000e+002
66  1.382000e+002
67  0.000000e+000
68  0.000000e+000
69  0.000000e+000
70  0.000000e+000
71  4.229000e+000
72  0.000000e+000
73  1.479000e+001
74  1.406000e+002
75  8.645000e+001
76  4.700000e+002
77  4.297000e+001
78  3.783000e+000
79  3.685000e-001
80  0.000000e+000
81  0.000000e+000
82  2.016000e-002
83  9.758000e-001
84  2.902000e-006
85  7.089000e+000
86  6.517000e+001
87  3.582000e+001
88  1.416000e+002
89  3.199000e+001
90  1.103000e-001
91  9.223000e+000
92  0.000000e+000
93  0.000000e+000
94  5.425000e-001
95  6.052000e+001
96  2.124000e+001
97  2.667000e+001
98  4.795000e+002
99  6.543000e+002
100  5.881000e+001
101  4.204000e+001
102  1.221000e+000
103  0.000000e+000
104  0.000000e+000
105  0.000000e+000
106  0.000000e+000
107  2.515000e-002
108  3.425000e-001
109  7.931000e+001
110  2.177000e+001
111  2.943000e+001
112  4.310000e+001
113  0.000000e+000
114  0.000000e+000
115  0.000000e+000
116  0.000000e+000
117  0.000000e+000
118  0.000000e+000
119  5.329000e+001
120  5.050000e+001
121  5.054000e+001
122  2.306000e+002
123  3.321000e+002
124  8.339000e+001
125  1.295000e+000
126  0.000000e+000
127  0.000000e+000
128  0.000000e+000
129  0.000000e+000
130  0.000000e+000
131  5.417000e+000
