   1 
1  1.766000e+001
2  8.877000e+001
3  1.324000e+002
4  5.262000e+001
5  1.630000e+001
6  5.565000e+000
7  3.845000e+000
8  3.146000e+000
9  4.097000e+000
10  7.562000e+000
11  8.988000e+000
12  1.729000e+001
13  9.814000e+000
14  1.131000e+002
15  8.205000e+001
16  6.474000e+001
17  3.144000e+001
18  1.465000e+001
19  6.841000e+000
20  5.897000e+000
21  7.460000e+000
22  1.081000e+001
23  3.877000e+001
24  1.590000e+001
25  7.667000e+001
26  2.120000e+002
27  1.912000e+002
28  9.406000e+001
29  5.471000e+001
30  2.761000e+001
31  2.201000e+001
32  2.114000e+001
33  2.088000e+001
34  2.147000e+001
35  3.516000e+001
36  3.934000e+001
37  4.874000e+001
38  9.843000e+001
39  6.452000e+001
40  4.537000e+001
41  4.313000e+001
42  2.130000e+001
43  1.697000e+001
44  1.549000e+001
45  1.548000e+001
46  1.748000e+001
47  2.436000e+001
48  5.298000e+001
49  1.274000e+002
50  1.326000e+002
51  8.736000e+001
52  1.317000e+002
53  1.009000e+002
54  5.450000e+001
55  4.657000e+001
56  4.221000e+001
57  4.203000e+001
58  4.180000e+001
59  1.535000e+002
60  8.951000e+001
61  9.443000e+001
62  7.486000e+001
63  3.898000e+001
64  9.395000e+001
65  1.161000e+002
66  8.278000e+001
67  5.527000e+001
68  4.942000e+001
69  4.819000e+001
70  4.747000e+001
71  4.580000e+001
72  4.344000e+001
73  3.996000e+001
74  5.609000e+001
75  6.310000e+001
76  1.864000e+002
77  4.757000e+001
78  3.632000e+001
79  3.127000e+001
80  2.788000e+001
81  2.749000e+001
82  2.847000e+001
83  2.826000e+001
84  2.650000e+001
85  2.449000e+001
86  4.526000e+001
87  2.106000e+001
88  2.355000e+001
89  1.014000e+001
90  4.693000e+000
91  2.421000e+000
92  1.035000e+000
93  3.990000e+000
94  5.985000e+000
95  8.703000e+000
96  9.055000e+000
97  1.179000e+001
98  2.093000e+002
99  2.818000e+002
100  2.959000e+001
101  2.360000e+001
102  1.472000e+001
103  1.199000e+001
104  1.065000e+001
105  1.178000e+001
106  1.354000e+001
107  1.460000e+001
108  1.435000e+001
109  1.779000e+001
110  1.335000e+001
111  1.283000e+001
112  9.366000e+000
113  1.181000e+000
114  0.000000e+000
115  0.000000e+000
116  0.000000e+000
117  6.976000e-003
118  1.008000e+000
119  4.214000e+000
120  1.475000e+001
121  1.188000e+001
122  8.516000e+001
123  7.108000e+001
124  1.665000e+001
125  1.370000e+000
126  0.000000e+000
127  0.000000e+000
128  0.000000e+000
129  2.111000e-003
130  1.996000e+000
131  4.011000e+000
132  8.132000e+000
133  8.843000e+000
134  4.186000e+001
135  8.567000e-001
136  0.000000e+000
137  0.000000e+000
138  0.000000e+000
139  0.000000e+000
140  0.000000e+000
141  0.000000e+000
   2 
1  4.037000e+001
2  2.526000e+002
3  3.701000e+002
4  2.198000e+002
5  3.064000e+001
6  7.799000e-001
7  0.000000e+000
8  0.000000e+000
9  0.000000e+000
10  0.000000e+000
11  2.920000e+001
12  2.300000e+001
13  9.935000e+000
14  2.862000e+002
15  3.537000e+002
16  2.432000e+002
17  8.331000e+001
18  2.326000e+001
19  0.000000e+000
20  0.000000e+000
21  0.000000e+000
22  3.226000e+000
23  1.210000e+002
24  9.458000e+001
25  1.459000e+002
26  4.873000e+002
27  4.289000e+002
28  2.537000e+002
29  1.273000e+002
30  4.979000e+000
31  0.000000e+000
32  0.000000e+000
33  0.000000e+000
34  0.000000e+000
35  8.823000e+001
36  4.863000e+001
37  1.361000e+002
38  2.148000e+002
39  2.277000e+002
40  1.308000e+002
41  1.353000e+002
42  9.830000e+000
43  0.000000e+000
44  0.000000e+000
45  0.000000e+000
46  6.530000e-002
47  2.094000e+002
48  1.345000e+002
49  3.061000e+002
50  2.175000e+002
51  2.506000e+002
52  2.943000e+002
53  2.006000e+002
54  1.670000e+001
55  0.000000e+000
56  0.000000e+000
57  0.000000e+000
58  0.000000e+000
59  5.652000e+002
60  1.010000e+002
61  1.238000e+002
62  1.291000e+002
63  1.255000e+001
64  2.706000e+002
65  2.618000e+002
66  1.371000e+002
67  0.000000e+000
68  0.000000e+000
69  0.000000e+000
70  0.000000e+000
71  4.007000e+000
72  0.000000e+000
73  1.470000e+001
74  1.402000e+002
75  9.419000e+001
76  4.820000e+002
77  4.659000e+001
78  3.491000e+000
79  2.984000e-001
80  0.000000e+000
81  0.000000e+000
82  1.413000e-003
83  7.726000e-001
84  0.000000e+000
85  6.923000e+000
86  1.306000e+002
87  3.896000e+001
88  1.408000e+002
89  4.350000e+001
90  3.442000e-003
91  2.795000e+001
92  0.000000e+000
93  0.000000e+000
94  3.593000e-001
95  6.358000e+001
96  2.100000e+001
97  2.705000e+001
98  5.645000e+002
99  7.042000e+002
100  7.344000e+001
101  4.496000e+001
102  1.068000e+000
103  0.000000e+000
104  0.000000e+000
105  0.000000e+000
106  0.000000e+000
107  4.627000e-004
108  2.224000e-001
109  8.407000e+001
110  2.132000e+001
111  2.918000e+001
112  4.269000e+001
113  0.000000e+000
114  0.000000e+000
115  0.000000e+000
116  0.000000e+000
117  0.000000e+000
118  0.000000e+000
119  5.444000e+001
120  5.036000e+001
121  5.045000e+001
122  2.370000e+002
123  4.017000e+002
124  8.299000e+001
125  1.724000e+000
126  0.000000e+000
127  0.000000e+000
128  0.000000e+000
129  0.000000e+000
130  0.000000e+000
131  8.333000e+000
132  5.072000e+001
133  1.940000e+001
134  2.073000e+002
135  1.271000e+001
136  1.446000e+001
137  1.847000e+000
138  0.000000e+000
139  0.000000e+000
140  0.000000e+000
141  0.000000e+000
