
FLOW_OUT_1
observed    simulated
1.3800        0.0298      
1.8900        0.9219      
5.2000        0.0268      
6.7300        0.8801      
2.7100        0.0220      
0.1400        0.0039      
0.0300        0.0002      
0.0000        0.0000      
0.0000        0.0000      
0.1900        0.0020      
0.8400        0.0059      
1.4200        0.0114      
1.0400        0.0130      
1.0200        0.0124      
9.8500        0.4620      
11.0700       3.0160      
1.7700        1.6130      
0.1600        0.2987      
0.0800        0.0024      
0.0000        0.0000      
0.0000        0.0000      
0.1900        0.0042      
0.5600        0.0076      
2.2000        0.0421      
1.5100        1.5500      
1.7300        2.0670      
6.9200        1.2500      
28.2800       0.8893      
18.3700       0.3551      
4.1500        0.0151      
0.1100        0.0021      
0.0100        0.0001      
0.1600        0.0000      
0.9200        0.0000      
1.8500        0.0032      
2.0400        0.0139      
1.8000        0.0100      
2.1700        0.0113      
10.3100       0.0371      
32.1700       0.0279      
17.6400       0.0369      
2.8600        0.0224      
0.1500        0.0051      
0.1000        0.0002      
0.1100        0.0000      
0.6900        0.0009      
3.6700        0.0568      
4.0900        1.0330      
12.8400       4.2760      
5.6800        3.0510      
30.3400       2.7930      
21.8200       2.6280      
4.2400        0.9395      
0.6700        0.0378      
0.1600        0.0003      
0.0800        0.0000      
0.2700        0.0000      
0.9700        0.0030      
6.4500        0.0473      
1.1100        0.0336      
0.8900        0.0224      
2.0500        0.0181      
6.1800        0.0106      
10.8600       0.0153      
5.5400        0.0189      
7.0600        0.0049      
0.2000        0.0001      
0.0000        0.0000      
0.0900        0.0002      
1.0700        0.0012      
1.6500        0.0013      
1.9800        0.0020      
1.9300        0.0080      
2.9800        0.0045      
4.7500        0.0263      
17.8800       0.0343      
9.7900        0.0233      
0.8500        0.0068      
1.0900        0.0001      
0.0500        0.0000      
0.0000        0.0001      
1.0400        0.0033      
1.9800        0.0094      
1.9500        0.0092      
1.8400        0.0069      
2.7700        0.1407      
3.5800        0.0152      
10.1600       0.0059      
2.8400        0.0092      
0.3200        0.0125      
2.0500        0.0153      
0.0000        0.0027      
0.0000        0.0005      
0.2300        0.0002      
0.7000        0.0246      
0.8800        0.0189      
2.0700        0.0107      
1.8000        0.0785      
11.4900       1.5210      
8.5300        1.0860      
2.7100        0.1639      
0.5400        0.0094      
0.0000        0.0017      
0.0000        0.0009      
0.0000        0.0000      
0.2500        0.0011      
0.7700        0.0050      
1.0500        0.0050      
1.1900        0.0175      
1.4400        0.0152      
1.3300        0.0070      
1.3800        0.0061      
0.2300        0.0012      
0.2100        0.0000      
0.0900        0.0000      
0.0800        0.0000      
0.0000        0.0000      
0.0200        0.0001      
0.7200        0.0113      
1.2200        0.0087      
1.3300        0.0107      
0.9800        0.0052      
3.2700        0.2106      
2.2400        0.0356      
0.3300        0.0185      
0.1300        0.0051      
0.0000        0.0000      
0.0000        0.0000      
0.0000        0.0000      
0.2900        0.0016      
0.4300        0.0128      
0.6500        0.0203      
1.2300        0.0252      
1.0300        0.0120      
2.3500        0.0077      
0.7300        0.0070      
0.4800        0.0055      
0.1100        0.0000      
0.0000        0.0000      
0.0000        0.0000      
0.0000        0.0000      


FLOW_OUT_3
observed    simulated
46.2700       1.2060      
59.3600       52.5500     
143.5500      77.3500     
233.8700      65.8000     
91.6400       21.4800     
6.9600        0.3191      
0.9700        0.0000      
0.4800        0.0000      
0.8500        0.0000      
10.8200       0.0000      
28.0900       0.0000      
40.0100       4.3890      
48.1700       0.1511      
56.7000       80.0500     
213.4200      56.2300     
329.3000      103.3000    
72.6700       52.0900     
10.3300       10.9600     
2.9700        0.0000      
0.7200        0.0000      
3.1000        0.0000      
22.8900       0.0000      
36.4100       17.4400     
72.6800       5.9540      
66.1800       44.3700     
97.1100       141.6000    
150.5900      146.7000    
458.1700      132.2000    
423.7100      144.5000    
241.7000      71.6900     
43.4500       19.2900     
15.9700       1.7290      
23.6400       0.0000      
40.4300       0.0000      
57.0300       14.1900     
72.3900       33.0500     
61.6200       33.4900     
77.9000       68.7500     
173.6500      55.6700     
415.1000      49.8500     
277.3500      67.6000     
73.3700       28.5400     
10.4700       3.0810      
13.2200       0.0000      
10.8500       0.0000      
23.2600       0.0000      
129.6900      0.8265      
138.7700      43.5100     
201.9800      131.7000    
155.2700      142.4000    
448.4200      174.8000    
459.1800      173.7000    
226.2100      184.6000    
59.3300       67.8500     
16.1300       18.2500     
4.8100        0.0525      
16.5800       0.0000      
62.2400       0.0000      
256.3600      113.5000    
122.7200      80.2900     
115.0000      68.5100     
146.2100      75.2800     
225.8400      37.4700     
340.7700      85.1600     
326.3200      191.5000    
197.0500      140.4000    
31.1500       58.9600     
11.4400       17.1500     
19.1000       5.0190      
44.6000       3.1920      
50.4900       1.8750      
55.7300       2.5000      
69.2200       0.4456      
111.1100      15.8300     
155.4200      39.5200     
631.6700      194.1000    
255.0000      81.8000     
26.4200       30.0100     
17.9100       5.1240      
6.5100        0.0000      
17.5400       0.0000      
36.0800       0.0000      
52.3500       0.0000      
59.1000       0.0000      
55.5900       0.0000      
60.8900       7.2850      
88.3900       0.0000      
219.3300      1.9590      
134.9200      0.0000      
31.5900       0.0000      
14.5200       0.0000      
0.4200        0.0000      
2.0000        0.0000      
14.2500       0.0000      
58.4000       0.0000      
53.3600       0.0000      
52.1800       0.5778      
83.9100       112.1000    
305.7700      274.8000    
497.1300      124.1000    
184.2000      61.6800     
30.9700       12.0600     
4.6500        0.0000      
5.0400        0.0000      
5.6000        0.0000      
20.7100       0.0000      
38.6900       0.0000      
40.4000       0.0000      
48.5800       0.0018      
56.5800       0.2587      
57.8900       3.1680      
60.8400       4.7730      
13.4600       0.0000      
1.5900        0.0000      
2.6900        0.0000      
4.9800        0.0000      
2.6300        0.0000      
6.3300        0.0000      
19.6500       0.0000      
26.8100       2.4350      
29.2100       4.2600      
32.0300       53.4400     
111.7000      51.4700     
127.1000      45.4600     
23.6900       15.4500     
2.2600        0.7276      
0.5500        0.0000      
0.2700        0.0000      
0.2200        0.0000      
0.7700        0.0000      
10.3200       0.0000      
25.8400       0.0053      
30.2200       1.3220      
39.6700       10.6700     
70.3700       0.0000      
47.9700       0.0000      
13.9100       0.0000      
0.3500        0.0000      
0.2500        0.0000      
0.2000        0.0000      
0.1900        0.0000      


FLOW_OUT_7
observed    simulated
2.0800        0.0000      
12.5100       4.4760      
22.1800       0.1163      
44.6100       80.3200     
35.0900       54.1400     
53.5200       90.9100     
85.5200       46.7500     
373.4700      11.1100     
306.0000      0.0000      
113.1900      0.0000      
23.1200       0.0000      
5.8200        0.0000      
20.2100       17.6400     
28.9100       5.8010      
37.3400       35.4300     
50.1100       130.9000    
54.5100       140.8000    
60.2100       129.2000    
125.0300      144.0000    
192.0000      73.1100     
157.5700      20.9400     
52.1200       2.5740      
7.7000        0.0000      
10.0600       0.0000      
8.2500        14.3700     
14.4000       33.2000     
66.6200       33.5500     
88.9500       68.9300     
138.6700      55.8100     
122.6900      50.5000     
285.6400      68.3300     
254.1400      30.0900     
151.6200      4.0970      
48.0400       0.0000      
14.6200       0.0000      
5.4100        0.0000      
12.6600       0.7805      
37.6500       37.8200     
109.1500      112.0000    
67.8900       128.9000    
77.6600       163.9000    
112.9500      164.4000    
146.0300      182.7000    
244.2300      69.2900     
272.3200      19.8100     
184.8400      0.3798      
25.3300       0.0000      
14.9400       0.0000      
13.7100       113.4000    
34.9900       80.3900     
42.6100       68.8200     
46.6400       75.5000     
51.6200       38.1400     
75.3800       85.8300     
105.9700      192.7000    
353.0000      141.8000    
175.9800      60.6000     
27.8300       18.7200     
24.9300       6.1140      
3.5300        3.8160      
8.8900        2.2790      
30.3600       2.6550      
37.7200       0.5776      
40.0000       16.0000     
43.6500       40.0600     
42.3400       194.7000    
52.3400       82.9900     
139.3200      31.6300     
74.9800       6.5430      
18.0900       0.0188      
8.5800        0.0000      
0.3200        0.0000      
2.3900        0.0000      
8.9200        0.0000      
34.7400       0.0000      
33.0700       5.1580      
34.2900       0.0000      
55.8400       2.1740      
198.8400      0.0000      
308.3300      0.0000      
125.5300      0.0000      
38.5800       0.0000      
5.9600        0.0000      
4.3100        0.0000      
5.1800        0.0000      
15.4100       0.0000      
23.1800       0.6752      
25.4000       111.5000    
30.8100       269.0000    
32.8100       121.2000    
35.4700       62.5400     
33.6800       13.4400     
10.4400       0.0037      
0.7500        0.0000      
3.8300        0.0000      
2.0300        0.0000      
1.5800        0.0000      
4.5500        0.0000      
9.7000        0.0212      
14.4800       0.4415      
16.9400       3.4120      
23.9900       5.5420      
69.9200       0.0000      
63.2100       0.0000      
15.7700       0.0000      
3.8500        0.0000      
1.2600        0.0000      
0.3400        0.0000      
0.4000        0.0000      
0.6200        2.5490      
7.9000        4.4340      
0.9800        53.7700     
3.2700        50.9300     
2.2400        46.4600     
0.3300        16.7100     
0.1300        1.4910      
0.0000        0.0000      
0.0000        0.0000      
0.0000        0.0000      
0.2900        0.0000      
0.4300        0.0000      


NO3_OUT_7
observed    simulated
17000.0000    2459.0000   
510000.0000   17310.0000  
56000.0000    1.4930      
61000.0000    0.0000      
1100.0000     0.0000      
14.0000       0.0000      
0.2300        0.0000      
5.8000        0.0000      
6.4000        0.0000      
3.2000        0.0000      
5800.0000     0.0000      
7400.0000     0.0000      

