   2 
1  1.749000e+02
2  3.900000e+02
3  6.507000e+02
4  5.958000e+02
5  1.400000e+02
6  2.024000e+00
7  0.000000e+00
8  0.000000e+00
9  0.000000e+00
10  4.222000e+01
11  1.768000e+02
12  9.238000e+01
13  6.597000e+01
14  6.732000e+02
15  8.426000e+02
16  5.431000e+02
17  1.985000e+02
18  5.503000e+01
19  8.518000e-01
20  0.000000e+00
21  0.000000e+00
22  1.817000e+02
23  2.370000e+02
24  3.795000e+02
25  1.545000e+02
26  6.730000e+02
27  5.893000e+02
28  6.932000e+02
29  4.524000e+02
30  9.161000e+01
31  6.918000e-03
32  9.521000e+00
33  2.625000e+00
34  2.978000e+01
35  3.413000e+02
36  2.047000e+02
37  1.915000e+02
38  3.668000e+02
39  6.103000e+02
40  4.865000e+02
41  4.827000e+02
42  6.161000e+01
43  2.864000e+00
44  3.040000e+00
45  7.562000e-01
46  3.663000e+01
47  9.917000e+02
48  3.302000e+02
49  4.987000e+02
50  3.476000e+02
51  5.928000e+02
52  5.819000e+02
53  4.337000e+02
54  5.179000e+01
55  4.573000e-02
56  0.000000e+00
57  1.404000e-02
58  5.675000e+01
59  1.440000e+03
60  1.184000e+02
61  1.673000e+02
62  3.601000e+02
63  1.199000e+02
64  7.945000e+02
65  6.115000e+02
66  3.311000e+02
67  9.385000e-01
68  0.000000e+00
69  7.300000e+00
70  5.748000e+00
71  7.901000e+01
72  1.559000e+01
73  1.324000e+02
74  4.277000e+02
75  5.684000e+02
76  9.501000e+02
77  2.281000e+02
78  1.567000e+01
79  6.697000e+00
80  0.000000e+00
81  3.014000e+00
82  6.513000e+01
83  4.870000e+01
84  8.475000e+01
85  9.769000e+01
86  2.538000e+02
87  2.017000e+02
88  4.862000e+02
89  3.339000e+02
90  2.087000e+01
91  1.005000e+02
92  0.000000e+00
93  0.000000e+00
94  5.547000e+01
95  4.784000e+02
96  2.017000e+02
97  4.281000e+01
98  7.284000e+02
99  1.138000e+03
100  3.353000e+02
101  2.075000e+02
102  6.094000e+01
103  2.469000e+02
104  1.927000e+02
105  2.253000e+01
106  1.177000e+00
107  9.032000e+00
108  5.384000e-01
109  5.758000e-01
110  4.053000e-01
111  3.319000e+00
112  2.893000e-01
113  8.404000e-01
114  4.417000e-01
115  1.187000e-01
116  3.215000e-01
117  7.906000e+01
118  2.502000e+00
119  2.721000e+01
120  7.671000e+00
121  2.154000e+02
122  1.453000e+02
123  1.132000e+01
124  3.441000e+02
125  2.225000e+02
126  2.029000e+01
127  1.598000e+02
128  3.314000e+01
129  1.343000e+02
130  3.029000e+01
131  1.749000e+01
132  2.175000e+02
133  4.925000e+01
134  3.728000e+01
135  2.535000e+00
136  1.551000e+00
137  0.000000e+00
138  3.967000e-01
139  2.501000e+01
140  2.754000e+01
141  1.278000e+00
   3 
1  1.749000e+02
2  3.900000e+02
3  6.507000e+02
4  5.958000e+02
5  1.400000e+02
6  2.024000e+00
7  0.000000e+00
8  0.000000e+00
9  0.000000e+00
10  4.222000e+01
11  1.768000e+02
12  9.238000e+01
13  6.597000e+01
14  6.732000e+02
15  8.426000e+02
16  5.431000e+02
17  1.985000e+02
18  5.503000e+01
19  8.518000e-01
20  0.000000e+00
21  0.000000e+00
22  1.817000e+02
23  2.370000e+02
24  3.795000e+02
25  1.545000e+02
26  6.730000e+02
27  5.893000e+02
28  6.932000e+02
29  4.524000e+02
30  9.161000e+01
31  6.918000e-03
32  9.521000e+00
33  2.625000e+00
34  2.978000e+01
35  3.413000e+02
36  2.047000e+02
37  1.915000e+02
38  3.668000e+02
39  6.103000e+02
40  4.865000e+02
41  4.827000e+02
42  6.161000e+01
43  2.864000e+00
44  3.040000e+00
45  7.562000e-01
46  3.663000e+01
47  9.917000e+02
48  3.302000e+02
49  4.987000e+02
50  3.476000e+02
51  5.928000e+02
52  5.819000e+02
53  4.337000e+02
54  5.179000e+01
55  4.573000e-02
56  0.000000e+00
57  1.404000e-02
58  5.675000e+01
59  1.440000e+03
60  1.184000e+02
61  1.673000e+02
62  3.601000e+02
63  1.199000e+02
64  7.945000e+02
65  6.115000e+02
66  3.311000e+02
67  9.385000e-01
68  0.000000e+00
69  7.300000e+00
70  5.748000e+00
71  7.901000e+01
72  1.559000e+01
73  1.324000e+02
74  4.277000e+02
75  5.684000e+02
76  9.501000e+02
77  2.281000e+02
78  1.567000e+01
79  6.697000e+00
80  0.000000e+00
81  3.014000e+00
82  6.513000e+01
83  4.870000e+01
84  8.475000e+01
85  9.769000e+01
86  2.538000e+02
87  2.017000e+02
88  4.862000e+02
89  3.339000e+02
90  2.087000e+01
91  1.005000e+02
92  0.000000e+00
93  0.000000e+00
94  5.547000e+01
95  4.784000e+02
96  2.017000e+02
97  4.281000e+01
98  7.284000e+02
99  1.138000e+03
100  3.327000e+02
101  2.466000e+02
102  9.289000e+00
103  1.663000e+00
104  9.459000e+00
105  7.682000e-02
106  2.719000e+00
107  8.897000e+01
108  2.735000e+01
109  3.419000e+02
110  1.922000e+02
111  1.343000e+02
112  2.175000e+02
113  3.719000e+01
114  0.000000e+00
115  2.498000e+01
116  5.606000e+01
117  2.331000e-02
118  4.328000e+01
119  3.357000e+02
120  1.279000e+02
121  1.486000e+02
122  2.854000e+02
123  9.394000e+02
124  2.980000e+02
125  3.299000e+01
126  2.238000e+00
127  0.000000e+00
128  0.000000e+00
129  3.119000e+01
130  6.458000e+01
131  4.771000e+01
132  2.782000e+00
133  3.312000e+01
134  3.515000e+02
135  2.268000e+02
136  1.873000e+01
137  1.981000e+02
138  1.286000e+02
139  3.383000e+01
140  5.022000e+01
141  4.115000e+01
   4 
1  1.749000e+02
2  3.900000e+02
3  6.507000e+02
4  5.958000e+02
5  1.400000e+02
6  2.024000e+00
7  0.000000e+00
8  0.000000e+00
9  0.000000e+00
10  4.222000e+01
11  1.768000e+02
12  9.238000e+01
13  6.597000e+01
14  6.732000e+02
15  8.426000e+02
16  5.431000e+02
17  1.985000e+02
18  5.503000e+01
19  8.518000e-01
20  0.000000e+00
21  0.000000e+00
22  1.817000e+02
23  2.370000e+02
24  3.795000e+02
25  1.545000e+02
26  6.730000e+02
27  5.893000e+02
28  6.932000e+02
29  4.524000e+02
30  9.161000e+01
31  6.918000e-03
32  9.521000e+00
33  2.625000e+00
34  2.978000e+01
35  3.413000e+02
36  2.047000e+02
37  1.915000e+02
38  3.668000e+02
39  6.103000e+02
40  4.865000e+02
41  4.827000e+02
42  6.161000e+01
43  2.864000e+00
44  3.040000e+00
45  7.562000e-01
46  3.663000e+01
47  9.917000e+02
48  3.302000e+02
49  4.987000e+02
50  3.476000e+02
51  5.928000e+02
52  5.819000e+02
53  4.337000e+02
54  5.179000e+01
55  4.573000e-02
56  0.000000e+00
57  1.404000e-02
58  5.675000e+01
59  1.440000e+03
60  1.184000e+02
61  1.673000e+02
62  3.601000e+02
63  1.199000e+02
64  7.945000e+02
65  6.115000e+02
66  3.311000e+02
67  9.385000e-01
68  0.000000e+00
69  7.300000e+00
70  5.748000e+00
71  7.901000e+01
72  1.559000e+01
73  1.324000e+02
74  4.277000e+02
75  5.684000e+02
76  9.501000e+02
77  2.281000e+02
78  1.567000e+01
79  6.697000e+00
80  0.000000e+00
81  3.014000e+00
82  6.513000e+01
83  4.870000e+01
84  8.475000e+01
85  9.769000e+01
86  2.538000e+02
87  2.017000e+02
88  4.862000e+02
89  3.339000e+02
90  2.087000e+01
91  1.005000e+02
92  0.000000e+00
93  0.000000e+00
94  5.547000e+01
95  4.784000e+02
96  2.017000e+02
97  4.281000e+01
98  7.284000e+02
99  1.138000e+03
100  3.327000e+02
101  2.466000e+02
102  9.289000e+00
103  1.663000e+00
104  9.459000e+00
105  7.682000e-02
106  2.719000e+00
107  8.897000e+01
108  2.735000e+01
109  3.419000e+02
110  1.922000e+02
111  1.343000e+02
112  2.175000e+02
113  3.719000e+01
114  0.000000e+00
115  2.498000e+01
116  5.606000e+01
117  2.331000e-02
118  4.328000e+01
119  3.357000e+02
120  1.279000e+02
121  1.486000e+02
122  2.854000e+02
123  9.394000e+02
124  2.980000e+02
125  3.299000e+01
126  2.238000e+00
127  0.000000e+00
128  0.000000e+00
129  3.119000e+01
130  6.494000e+01
131  2.084000e+02
132  3.491000e+02
133  5.028000e+01
134  2.228000e+02
135  1.912000e+02
136  1.235000e+02
137  8.041000e+01
138  1.505000e+00
139  3.928000e+01
140  0.000000e+00
141  1.280000e-01
   5 
1  1.749000e+02
2  3.900000e+02
3  6.507000e+02
4  5.958000e+02
5  1.400000e+02
6  2.024000e+00
7  0.000000e+00
8  0.000000e+00
9  0.000000e+00
10  4.222000e+01
11  1.768000e+02
12  9.238000e+01
13  6.597000e+01
14  6.732000e+02
15  8.426000e+02
16  5.431000e+02
17  1.985000e+02
18  5.503000e+01
19  8.518000e-01
20  0.000000e+00
21  0.000000e+00
22  1.817000e+02
23  2.370000e+02
24  3.795000e+02
25  1.545000e+02
26  6.730000e+02
27  5.893000e+02
28  6.932000e+02
29  4.524000e+02
30  9.161000e+01
31  6.918000e-03
32  9.521000e+00
33  2.625000e+00
34  2.978000e+01
35  3.413000e+02
36  2.047000e+02
37  1.915000e+02
38  3.668000e+02
39  6.103000e+02
40  4.865000e+02
41  4.827000e+02
42  6.161000e+01
43  2.864000e+00
44  3.040000e+00
45  7.562000e-01
46  3.663000e+01
47  9.917000e+02
48  3.302000e+02
49  4.987000e+02
50  3.476000e+02
51  5.928000e+02
52  5.819000e+02
53  4.337000e+02
54  5.179000e+01
55  4.573000e-02
56  0.000000e+00
57  1.404000e-02
58  5.675000e+01
59  1.440000e+03
60  1.184000e+02
61  1.673000e+02
62  3.601000e+02
63  1.199000e+02
64  7.945000e+02
65  6.115000e+02
66  3.311000e+02
67  9.385000e-01
68  0.000000e+00
69  7.300000e+00
70  5.748000e+00
71  7.901000e+01
72  1.559000e+01
73  1.324000e+02
74  4.277000e+02
75  5.684000e+02
76  9.501000e+02
77  2.281000e+02
78  1.567000e+01
79  6.697000e+00
80  0.000000e+00
81  3.014000e+00
82  6.513000e+01
83  4.870000e+01
84  8.475000e+01
85  9.769000e+01
86  2.538000e+02
87  2.017000e+02
88  4.862000e+02
89  3.339000e+02
90  2.087000e+01
91  1.005000e+02
92  0.000000e+00
93  0.000000e+00
94  5.547000e+01
95  4.784000e+02
96  2.017000e+02
97  4.281000e+01
98  7.284000e+02
99  1.138000e+03
100  3.327000e+02
101  2.466000e+02
102  9.289000e+00
103  1.663000e+00
104  9.459000e+00
105  7.682000e-02
106  2.719000e+00
107  8.897000e+01
108  2.735000e+01
109  3.419000e+02
110  1.922000e+02
111  1.343000e+02
112  2.175000e+02
113  3.719000e+01
114  0.000000e+00
115  2.498000e+01
116  5.606000e+01
117  2.331000e-02
118  4.328000e+01
119  3.357000e+02
120  1.279000e+02
121  1.486000e+02
122  2.854000e+02
123  9.394000e+02
124  2.980000e+02
125  3.299000e+01
126  2.238000e+00
127  0.000000e+00
128  0.000000e+00
129  3.119000e+01
130  6.494000e+01
131  2.084000e+02
132  3.491000e+02
133  5.028000e+01
134  2.228000e+02
135  1.912000e+02
136  1.235000e+02
137  8.041000e+01
138  1.505000e+00
139  3.928000e+01
140  0.000000e+00
141  1.280000e-01
   2 
1  1.749000e+02
2  3.900000e+02
3  6.507000e+02
4  5.958000e+02
5  1.400000e+02
6  2.024000e+00
7  0.000000e+00
8  0.000000e+00
9  0.000000e+00
10  4.222000e+01
11  1.768000e+02
12  9.238000e+01
13  6.597000e+01
14  6.732000e+02
15  8.426000e+02
16  5.431000e+02
17  1.985000e+02
18  5.503000e+01
19  8.518000e-01
20  0.000000e+00
21  0.000000e+00
22  1.817000e+02
23  2.370000e+02
24  3.795000e+02
25  1.545000e+02
26  6.730000e+02
27  5.893000e+02
28  6.932000e+02
29  4.524000e+02
30  9.161000e+01
31  6.918000e-03
32  9.521000e+00
33  2.625000e+00
34  2.978000e+01
35  3.413000e+02
36  2.047000e+02
37  1.915000e+02
38  3.668000e+02
39  6.103000e+02
40  4.865000e+02
41  4.827000e+02
42  6.161000e+01
43  2.864000e+00
44  3.040000e+00
45  7.562000e-01
46  3.663000e+01
47  9.917000e+02
48  3.302000e+02
49  4.987000e+02
50  3.476000e+02
51  5.928000e+02
52  5.819000e+02
53  4.337000e+02
54  5.179000e+01
55  4.573000e-02
56  0.000000e+00
57  1.404000e-02
58  5.675000e+01
59  1.440000e+03
60  1.184000e+02
61  1.673000e+02
62  3.601000e+02
63  1.199000e+02
64  7.945000e+02
65  6.115000e+02
66  3.311000e+02
67  9.385000e-01
68  0.000000e+00
69  7.300000e+00
70  5.748000e+00
71  7.901000e+01
72  1.559000e+01
73  1.324000e+02
74  4.277000e+02
75  5.684000e+02
76  9.501000e+02
77  2.281000e+02
78  1.567000e+01
79  6.697000e+00
80  0.000000e+00
81  3.014000e+00
82  6.513000e+01
83  4.870000e+01
84  8.475000e+01
85  9.769000e+01
86  2.538000e+02
87  2.017000e+02
88  4.862000e+02
89  3.339000e+02
90  2.087000e+01
91  1.005000e+02
92  0.000000e+00
93  0.000000e+00
94  5.547000e+01
95  4.784000e+02
96  2.017000e+02
97  4.281000e+01
98  7.284000e+02
99  1.138000e+03
100  3.327000e+02
101  2.466000e+02
102  9.289000e+00
103  1.663000e+00
104  9.459000e+00
105  7.682000e-02
106  2.719000e+00
107  8.897000e+01
108  2.735000e+01
109  3.419000e+02
110  1.922000e+02
111  1.343000e+02
112  2.175000e+02
113  3.719000e+01
114  0.000000e+00
115  2.498000e+01
116  5.606000e+01
117  2.331000e-02
118  4.328000e+01
119  3.357000e+02
120  1.279000e+02
121  1.486000e+02
122  2.854000e+02
123  9.394000e+02
124  2.980000e+02
125  3.299000e+01
126  2.238000e+00
127  0.000000e+00
128  0.000000e+00
129  3.119000e+01
130  6.494000e+01
131  2.084000e+02
132  3.491000e+02
133  5.028000e+01
134  2.228000e+02
135  1.912000e+02
136  1.235000e+02
137  8.041000e+01
138  1.505000e+00
139  3.928000e+01
140  0.000000e+00
141  1.280000e-01
   6 
1  1.749000e+02
2  3.900000e+02
3  6.507000e+02
4  5.958000e+02
5  1.400000e+02
6  2.024000e+00
7  0.000000e+00
8  0.000000e+00
9  0.000000e+00
10  4.222000e+01
11  1.768000e+02
12  9.238000e+01
13  6.597000e+01
14  6.732000e+02
15  8.426000e+02
16  5.431000e+02
17  1.985000e+02
18  5.503000e+01
19  8.518000e-01
20  0.000000e+00
21  0.000000e+00
22  1.817000e+02
23  2.370000e+02
24  3.795000e+02
25  1.545000e+02
26  6.730000e+02
27  5.893000e+02
28  6.932000e+02
29  4.524000e+02
30  9.161000e+01
31  6.918000e-03
32  9.521000e+00
33  2.625000e+00
34  2.978000e+01
35  3.413000e+02
36  2.047000e+02
37  1.915000e+02
38  3.668000e+02
39  6.103000e+02
40  4.865000e+02
41  4.827000e+02
42  6.161000e+01
43  2.864000e+00
44  3.040000e+00
45  7.562000e-01
46  3.663000e+01
47  9.917000e+02
48  3.302000e+02
49  4.987000e+02
50  3.476000e+02
51  5.928000e+02
52  5.819000e+02
53  4.337000e+02
54  5.179000e+01
55  4.573000e-02
56  0.000000e+00
57  1.404000e-02
58  5.675000e+01
59  1.440000e+03
60  1.184000e+02
61  1.673000e+02
62  3.601000e+02
63  1.199000e+02
64  7.945000e+02
65  6.115000e+02
66  3.311000e+02
67  9.385000e-01
68  0.000000e+00
69  7.300000e+00
70  5.748000e+00
71  7.901000e+01
72  1.559000e+01
73  1.324000e+02
74  4.277000e+02
75  5.684000e+02
76  9.501000e+02
77  2.281000e+02
78  1.567000e+01
79  6.697000e+00
80  0.000000e+00
81  3.014000e+00
82  6.513000e+01
83  4.870000e+01
84  8.475000e+01
85  9.769000e+01
86  2.538000e+02
87  2.017000e+02
88  4.862000e+02
89  3.339000e+02
90  2.087000e+01
91  1.005000e+02
92  0.000000e+00
93  0.000000e+00
94  5.547000e+01
95  4.784000e+02
96  2.017000e+02
97  4.281000e+01
98  7.284000e+02
99  1.138000e+03
100  3.327000e+02
101  2.466000e+02
102  9.289000e+00
103  1.663000e+00
104  9.459000e+00
105  7.682000e-02
106  2.719000e+00
107  8.897000e+01
108  2.735000e+01
109  3.419000e+02
110  1.922000e+02
111  1.343000e+02
112  2.175000e+02
113  3.719000e+01
114  0.000000e+00
115  2.498000e+01
116  5.606000e+01
117  2.331000e-02
118  4.328000e+01
119  3.357000e+02
120  1.279000e+02
121  1.486000e+02
122  2.854000e+02
123  9.394000e+02
124  2.980000e+02
125  3.299000e+01
126  2.238000e+00
127  0.000000e+00
128  0.000000e+00
129  3.119000e+01
130  6.494000e+01
131  2.084000e+02
132  3.491000e+02
133  5.028000e+01
134  2.228000e+02
135  1.912000e+02
136  1.235000e+02
137  8.041000e+01
138  1.505000e+00
139  3.928000e+01
140  0.000000e+00
141  1.280000e-01
   7 
1  1.749000e+02
2  3.900000e+02
3  6.507000e+02
4  5.958000e+02
5  1.400000e+02
6  2.024000e+00
7  0.000000e+00
8  0.000000e+00
9  0.000000e+00
10  4.222000e+01
11  1.768000e+02
12  9.238000e+01
13  6.597000e+01
14  6.732000e+02
15  8.426000e+02
16  5.431000e+02
17  1.985000e+02
18  5.503000e+01
19  8.518000e-01
20  0.000000e+00
21  0.000000e+00
22  1.817000e+02
23  2.370000e+02
24  3.795000e+02
25  1.545000e+02
26  6.730000e+02
27  5.893000e+02
28  6.932000e+02
29  4.524000e+02
30  9.161000e+01
31  6.918000e-03
32  9.521000e+00
33  2.625000e+00
34  2.978000e+01
35  3.413000e+02
36  2.047000e+02
37  1.915000e+02
38  3.668000e+02
39  6.103000e+02
40  4.865000e+02
41  4.827000e+02
42  6.161000e+01
43  2.864000e+00
44  3.040000e+00
45  7.562000e-01
46  3.663000e+01
47  9.917000e+02
48  3.302000e+02
49  4.987000e+02
50  3.476000e+02
51  5.928000e+02
52  5.819000e+02
53  4.337000e+02
54  5.179000e+01
55  4.573000e-02
56  0.000000e+00
57  1.404000e-02
58  5.675000e+01
59  1.440000e+03
60  1.184000e+02
61  1.673000e+02
62  3.601000e+02
63  1.199000e+02
64  7.945000e+02
65  6.115000e+02
66  3.311000e+02
67  9.385000e-01
68  0.000000e+00
69  7.300000e+00
70  5.748000e+00
71  7.901000e+01
72  1.559000e+01
73  1.324000e+02
74  4.277000e+02
75  5.684000e+02
76  9.501000e+02
77  2.281000e+02
78  1.567000e+01
79  6.697000e+00
80  0.000000e+00
81  3.014000e+00
82  6.513000e+01
83  4.870000e+01
84  8.475000e+01
85  9.769000e+01
86  2.538000e+02
87  2.017000e+02
88  4.862000e+02
89  3.339000e+02
90  2.087000e+01
91  1.005000e+02
92  0.000000e+00
93  0.000000e+00
94  5.547000e+01
95  4.784000e+02
96  2.017000e+02
97  4.281000e+01
98  7.284000e+02
99  1.138000e+03
100  3.327000e+02
101  2.466000e+02
102  9.289000e+00
103  1.663000e+00
104  9.459000e+00
105  7.682000e-02
106  2.719000e+00
107  8.897000e+01
108  2.735000e+01
109  3.419000e+02
110  1.922000e+02
111  1.343000e+02
112  2.175000e+02
113  3.719000e+01
114  0.000000e+00
115  2.498000e+01
116  5.606000e+01
117  2.331000e-02
118  4.328000e+01
119  3.357000e+02
120  1.279000e+02
121  1.486000e+02
122  2.854000e+02
123  9.394000e+02
124  2.980000e+02
125  3.299000e+01
126  2.238000e+00
127  0.000000e+00
128  0.000000e+00
129  3.119000e+01
130  6.494000e+01
131  2.084000e+02
132  3.491000e+02
133  5.028000e+01
134  2.228000e+02
135  1.912000e+02
136  1.235000e+02
137  8.041000e+01
138  1.505000e+00
139  3.928000e+01
140  0.000000e+00
141  1.280000e-01
   8 
1  1.749000e+02
2  3.900000e+02
3  6.507000e+02
4  5.958000e+02
5  1.400000e+02
6  2.024000e+00
7  0.000000e+00
8  0.000000e+00
9  0.000000e+00
10  4.222000e+01
11  1.768000e+02
12  9.238000e+01
13  6.597000e+01
14  6.732000e+02
15  8.426000e+02
16  5.431000e+02
17  1.985000e+02
18  5.503000e+01
19  8.518000e-01
20  0.000000e+00
21  0.000000e+00
22  1.817000e+02
23  2.370000e+02
24  3.795000e+02
25  1.545000e+02
26  6.730000e+02
27  5.893000e+02
28  6.932000e+02
29  4.524000e+02
30  9.161000e+01
31  6.918000e-03
32  9.521000e+00
33  2.625000e+00
34  2.978000e+01
35  3.413000e+02
36  2.047000e+02
37  1.915000e+02
38  3.668000e+02
39  6.103000e+02
40  4.865000e+02
41  4.827000e+02
42  6.161000e+01
43  2.864000e+00
44  3.040000e+00
45  7.562000e-01
46  3.663000e+01
47  9.917000e+02
48  3.302000e+02
49  4.987000e+02
50  3.476000e+02
51  5.928000e+02
52  5.819000e+02
53  4.337000e+02
54  5.179000e+01
55  4.573000e-02
56  0.000000e+00
57  1.404000e-02
58  5.675000e+01
59  1.440000e+03
60  1.184000e+02
61  1.673000e+02
62  3.601000e+02
63  1.199000e+02
64  7.945000e+02
65  6.115000e+02
66  3.311000e+02
67  9.385000e-01
68  0.000000e+00
69  7.300000e+00
70  5.748000e+00
71  7.901000e+01
72  1.559000e+01
73  1.324000e+02
74  4.277000e+02
75  5.684000e+02
76  9.501000e+02
77  2.281000e+02
78  1.567000e+01
79  6.697000e+00
80  0.000000e+00
81  3.014000e+00
82  6.513000e+01
83  4.870000e+01
84  8.475000e+01
85  9.769000e+01
86  2.538000e+02
87  2.017000e+02
88  4.862000e+02
89  3.339000e+02
90  2.087000e+01
91  1.005000e+02
92  0.000000e+00
93  0.000000e+00
94  5.547000e+01
95  4.784000e+02
96  2.017000e+02
97  4.281000e+01
98  7.284000e+02
99  1.138000e+03
100  3.327000e+02
101  2.466000e+02
102  9.289000e+00
103  1.663000e+00
104  9.459000e+00
105  7.682000e-02
106  2.719000e+00
107  8.897000e+01
108  2.735000e+01
109  3.419000e+02
110  1.922000e+02
111  1.343000e+02
112  2.175000e+02
113  3.719000e+01
114  0.000000e+00
115  2.498000e+01
116  5.606000e+01
117  2.331000e-02
118  4.328000e+01
119  3.357000e+02
120  1.279000e+02
121  1.486000e+02
122  2.854000e+02
123  9.394000e+02
124  2.980000e+02
125  3.299000e+01
126  2.238000e+00
127  0.000000e+00
128  0.000000e+00
129  3.119000e+01
130  6.494000e+01
131  2.084000e+02
132  3.491000e+02
133  5.028000e+01
134  2.228000e+02
135  1.912000e+02
136  1.235000e+02
137  8.041000e+01
138  1.505000e+00
139  3.928000e+01
140  0.000000e+00
141  1.280000e-01
   8 
1  3.292000e+01
2  2.074000e+02
3  2.779000e+02
4  1.159000e+02
5  1.742000e+01
6  5.656000e-01
7  0.000000e+00
8  0.000000e+00
9  0.000000e+00
10  0.000000e+00
11  7.235000e+00
12  1.713000e+01
13  8.674000e+00
14  2.132000e+02
15  2.049000e+02
16  1.520000e+02
17  5.803000e+01
18  1.768000e+01
19  1.480000e-02
20  0.000000e+00
21  0.000000e+00
22  8.696000e-02
23  7.471000e+01
24  3.920000e+01
25  1.291000e+02
26  3.935000e+02
27  3.558000e+02
28  1.581000e+02
29  7.890000e+01
30  8.182000e+00
31  1.571000e+00
32  1.215000e+00
33  8.376000e-01
34  1.528000e+00
35  5.359000e+01
36  4.063000e+01
37  1.105000e+02
38  2.076000e+02
39  1.446000e+02
40  7.326000e+01
41  7.258000e+01
42  7.601000e+00
43  5.346000e-01
44  2.252000e-04
45  0.000000e+00
46  2.628000e-01
47  6.139000e+01
48  8.847000e+01
49  2.493000e+02
50  2.282000e+02
51  1.782000e+02
52  2.289000e+02
53  1.633000e+02
54  3.460000e+01
55  1.893000e+01
56  1.342000e+01
57  1.191000e+01
58  1.084000e+01
59  3.391000e+02
60  1.065000e+02
61  1.171000e+02
62  9.532000e+01
63  1.702000e+01
64  1.675000e+02
65  2.042000e+02
66  1.107000e+02
67  1.706000e+01
68  1.233000e+01
69  1.234000e+01
70  1.220000e+01
71  1.040000e+01
72  1.086000e+01
73  1.525000e+01
74  9.934000e+01
75  6.628000e+01
76  3.277000e+02
77  3.957000e+01
78  9.209000e+00
79  4.147000e+00
80  1.068000e+00
81  1.429000e+00
82  2.974000e+00
83  3.583000e+00
84  3.002000e+00
85  4.123000e+00
86  1.171000e+02
87  1.743000e+01
88  5.962000e+01
89  9.003000e+00
90  0.000000e+00
91  6.784000e+00
92  0.000000e+00
93  0.000000e+00
94  0.000000e+00
95  6.844000e+00
96  6.125000e+00
97  1.768000e+01
98  4.674000e+02
99  4.939000e+02
100  4.013000e+01
101  2.374000e+01
102  9.870000e-01
103  0.000000e+00
104  0.000000e+00
105  0.000000e+00
106  0.000000e+00
107  0.000000e+00
108  0.000000e+00
109  3.894000e+01
110  1.588000e+01
111  1.709000e+01
112  1.640000e+01
113  0.000000e+00
114  0.000000e+00
115  0.000000e+00
116  0.000000e+00
117  0.000000e+00
118  0.000000e+00
119  7.688000e+00
120  4.044000e+01
121  3.152000e+01
122  2.025000e+02
123  2.028000e+02
124  4.347000e+01
125  3.767000e-02
126  0.000000e+00
127  0.000000e+00
128  0.000000e+00
129  0.000000e+00
130  0.000000e+00
131  5.585000e-03
132  2.089000e+01
133  1.421000e+01
134  1.560000e+02
135  6.599000e-01
136  2.067000e+00
137  0.000000e+00
138  0.000000e+00
139  0.000000e+00
140  0.000000e+00
141  0.000000e+00
   3 
1  1.976000e+01
2  9.362000e+01
3  1.054000e+02
4  3.658000e+01
5  5.615000e+00
6  0.000000e+00
7  0.000000e+00
8  0.000000e+00
9  0.000000e+00
10  5.043000e-01
11  3.332000e+00
12  1.410000e+01
13  8.451000e+00
14  1.113000e+02
15  6.553000e+01
16  4.658000e+01
17  1.670000e+01
18  2.425000e+00
19  0.000000e+00
20  0.000000e+00
21  0.000000e+00
22  1.711000e+00
23  3.374000e+01
24  1.464000e+01
25  7.094000e+01
26  1.937000e+02
27  1.723000e+02
28  8.340000e+01
29  3.641000e+01
30  6.722000e+00
31  1.567000e-01
32  4.306000e-01
33  3.216000e+00
34  9.713000e+00
35  3.751000e+01
36  4.221000e+01
37  4.818000e+01
38  9.724000e+01
39  5.717000e+01
40  3.260000e+01
41  2.843000e+01
42  6.337000e+00
43  2.046000e-01
44  4.980000e-02
45  2.482000e+00
46  9.016000e+00
47  2.020000e+01
48  4.716000e+01
49  1.098000e+02
50  1.336000e+02
51  7.521000e+01
52  1.029000e+02
53  7.414000e+01
54  2.199000e+01
55  1.016000e+01
56  7.343000e+00
57  1.788000e+01
58  2.821000e+01
59  1.695000e+02
60  8.568000e+01
61  8.818000e+01
62  7.111000e+01
63  2.905000e+01
64  6.995000e+01
65  9.130000e+01
66  5.770000e+01
67  2.736000e+01
68  2.198000e+01
69  2.951000e+01
70  3.683000e+01
71  3.977000e+01
72  4.103000e+01
73  3.850000e+01
74  5.662000e+01
75  6.644000e+01
76  1.687000e+02
77  2.978000e+01
78  1.411000e+01
79  7.956000e+00
80  5.439000e+00
81  9.053000e+00
82  1.821000e+01
83  2.311000e+01
84  2.327000e+01
85  2.117000e+01
86  3.967000e+01
87  1.304000e+01
88  1.214000e+01
89  4.113000e-02
90  0.000000e+00
91  1.295000e-02
92  0.000000e+00
93  0.000000e+00
94  0.000000e+00
95  2.253000e+00
96  4.496000e+00
97  8.159000e+00
98  1.801000e+02
99  2.684000e+02
100  1.583000e+01
101  6.038000e+00
102  2.274000e-03
103  0.000000e+00
104  0.000000e+00
105  0.000000e+00
106  1.473000e+00
107  7.131000e+00
108  9.438000e+00
109  1.375000e+01
110  9.408000e+00
111  6.637000e+00
112  4.277000e+00
113  0.000000e+00
114  0.000000e+00
115  0.000000e+00
116  0.000000e+00
117  0.000000e+00
118  0.000000e+00
119  6.144000e-03
120  9.447000e+00
121  9.767000e+00
122  7.914000e+01
123  6.311000e+01
124  1.103000e+01
125  4.255000e-03
126  0.000000e+00
127  0.000000e+00
128  0.000000e+00
129  0.000000e+00
130  0.000000e+00
131  1.924000e+00
132  5.472000e+00
133  6.903000e+00
134  3.080000e+01
135  8.096000e-02
136  0.000000e+00
137  0.000000e+00
138  0.000000e+00
139  0.000000e+00
140  0.000000e+00
141  0.000000e+00
   4 
1  2.323000e+01
2  1.720000e+02
3  2.053000e+02
4  7.061000e+01
5  7.924000e+00
6  0.000000e+00
7  0.000000e+00
8  0.000000e+00
9  0.000000e+00
10  0.000000e+00
11  1.990000e+00
12  1.503000e+01
13  7.080000e+00
14  1.747000e+02
15  1.403000e+02
16  9.117000e+01
17  3.024000e+01
18  8.074000e+00
19  0.000000e+00
20  0.000000e+00
21  0.000000e+00
22  0.000000e+00
23  5.382000e+01
24  2.031000e+01
25  1.081000e+02
26  3.171000e+02
27  2.742000e+02
28  1.160000e+02
29  4.985000e+01
30  0.000000e+00
31  0.000000e+00
32  0.000000e+00
33  0.000000e+00
34  4.958000e-02
35  4.001000e+01
36  3.713000e+01
37  7.444000e+01
38  1.564000e+02
39  9.882000e+01
40  4.734000e+01
41  4.221000e+01
42  1.172000e+00
43  0.000000e+00
44  0.000000e+00
45  0.000000e+00
46  4.213000e-01
47  3.129000e+01
48  6.428000e+01
49  1.826000e+02
50  1.852000e+02
51  1.091000e+02
52  1.461000e+02
53  8.942000e+01
54  2.082000e+00
55  0.000000e+00
56  0.000000e+00
57  1.832000e-03
58  6.273000e+00
59  2.503000e+02
60  9.740000e+01
61  1.050000e+02
62  7.649000e+01
63  1.322000e+01
64  1.181000e+02
65  1.281000e+02
66  6.306000e+01
67  2.530000e+00
68  2.706000e-01
69  5.865000e+00
70  1.660000e+01
71  2.165000e+01
72  2.573000e+01
73  2.652000e+01
74  8.445000e+01
75  6.132000e+01
76  2.488000e+02
77  2.120000e+01
78  9.860000e-01
79  9.186000e-03
80  0.000000e+00
81  7.122000e-01
82  7.131000e+00
83  1.164000e+01
84  1.400000e+01
85  1.398000e+01
86  8.947000e+01
87  1.501000e+01
88  3.404000e+01
89  3.122000e+00
90  0.000000e+00
91  1.358000e+00
92  0.000000e+00
93  0.000000e+00
94  0.000000e+00
95  5.798000e-01
96  4.739000e+00
97  1.382000e+01
98  3.552000e+02
99  3.925000e+02
100  2.051000e+01
101  9.307000e+00
102  0.000000e+00
103  0.000000e+00
104  0.000000e+00
105  0.000000e+00
106  0.000000e+00
107  1.963000e-03
108  1.084000e+00
109  2.366000e+01
110  1.025000e+01
111  1.178000e+01
112  9.638000e+00
113  0.000000e+00
114  0.000000e+00
115  0.000000e+00
116  0.000000e+00
117  0.000000e+00
118  0.000000e+00
119  1.277000e+00
120  2.418000e+01
121  2.070000e+01
122  1.541000e+02
123  1.335000e+02
124  2.711000e+01
125  0.000000e+00
126  0.000000e+00
127  0.000000e+00
128  0.000000e+00
129  0.000000e+00
130  0.000000e+00
131  0.000000e+00
132  1.163000e+01
133  9.251000e+00
134  9.964000e+01
135  7.864000e-02
136  0.000000e+00
137  0.000000e+00
138  0.000000e+00
139  0.000000e+00
140  0.000000e+00
141  0.000000e+00
   5 
1  2.233000e+01
2  1.309000e+02
3  1.568000e+02
4  6.239000e+01
5  1.562000e+01
6  3.280000e+00
7  1.255000e+00
8  4.203000e-01
9  1.240000e+00
10  4.537000e+00
11  6.556000e+00
12  1.733000e+01
13  8.480000e+00
14  1.405000e+02
15  1.017000e+02
16  8.045000e+01
17  3.830000e+01
18  1.674000e+01
19  5.604000e+00
20  4.275000e+00
21  5.455000e+00
22  8.654000e+00
23  4.872000e+01
24  1.813000e+01
25  9.018000e+01
26  2.517000e+02
27  2.161000e+02
28  1.084000e+02
29  6.546000e+01
30  2.834000e+01
31  2.181000e+01
32  2.016000e+01
33  1.912000e+01
34  1.922000e+01
35  4.677000e+01
36  4.545000e+01
37  6.196000e+01
38  1.265000e+02
39  8.327000e+01
40  5.133000e+01
41  5.143000e+01
42  2.174000e+01
43  1.632000e+01
44  1.433000e+01
45  1.372000e+01
46  1.520000e+01
47  2.697000e+01
48  6.020000e+01
49  1.508000e+02
50  1.685000e+02
51  1.105000e+02
52  1.559000e+02
53  1.217000e+02
54  5.872000e+01
55  4.855000e+01
56  4.250000e+01
57  4.082000e+01
58  3.972000e+01
59  2.132000e+02
60  9.846000e+01
61  1.038000e+02
62  8.259000e+01
63  3.672000e+01
64  1.106000e+02
65  1.327000e+02
66  9.140000e+01
67  5.517000e+01
68  4.837000e+01
69  4.579000e+01
70  4.414000e+01
71  4.132000e+01
72  3.857000e+01
73  3.498000e+01
74  7.120000e+01
75  7.696000e+01
76  2.176000e+02
77  4.749000e+01
78  3.352000e+01
79  2.792000e+01
80  2.374000e+01
81  2.297000e+01
82  2.362000e+01
83  2.303000e+01
84  2.107000e+01
85  1.899000e+01
86  6.172000e+01
87  1.648000e+01
88  2.667000e+01
89  6.586000e+00
90  4.418000e-01
91  6.101000e-01
92  0.000000e+00
93  5.829000e-02
94  1.697000e+00
95  4.663000e+00
96  5.748000e+00
97  1.027000e+01
98  2.566000e+02
99  3.282000e+02
100  3.362000e+01
101  2.425000e+01
102  1.290000e+01
103  9.818000e+00
104  7.961000e+00
105  8.895000e+00
106  1.046000e+01
107  1.130000e+01
108  1.104000e+01
109  1.999000e+01
110  1.507000e+01
111  1.420000e+01
112  1.032000e+01
113  1.580000e-03
114  0.000000e+00
115  0.000000e+00
116  0.000000e+00
117  0.000000e+00
118  2.925000e-02
119  2.163000e+00
120  1.623000e+01
121  1.639000e+01
122  1.142000e+02
123  9.517000e+01
124  2.414000e+01
125  1.325000e+00
126  0.000000e+00
127  0.000000e+00
128  0.000000e+00
129  0.000000e+00
130  1.007000e+00
131  3.031000e+00
132  9.520000e+00
133  9.178000e+00
134  6.048000e+01
135  5.287000e-01
136  0.000000e+00
137  0.000000e+00
138  0.000000e+00
139  0.000000e+00
140  0.000000e+00
141  0.000000e+00
   6 
1  3.292000e+01
2  2.074000e+02
3  2.779000e+02
4  1.159000e+02
5  1.742000e+01
6  5.656000e-01
7  0.000000e+00
8  0.000000e+00
9  0.000000e+00
10  0.000000e+00
11  7.235000e+00
12  1.713000e+01
13  8.674000e+00
14  2.132000e+02
15  2.049000e+02
16  1.520000e+02
17  5.803000e+01
18  1.768000e+01
19  1.480000e-02
20  0.000000e+00
21  0.000000e+00
22  8.696000e-02
23  7.471000e+01
24  3.920000e+01
25  1.291000e+02
26  3.935000e+02
27  3.558000e+02
28  1.581000e+02
29  7.890000e+01
30  8.182000e+00
31  1.571000e+00
32  1.215000e+00
33  8.376000e-01
34  1.528000e+00
35  5.359000e+01
36  4.063000e+01
37  1.105000e+02
38  2.076000e+02
39  1.446000e+02
40  7.326000e+01
41  7.258000e+01
42  7.601000e+00
43  5.346000e-01
44  2.252000e-04
45  0.000000e+00
46  2.628000e-01
47  6.139000e+01
48  8.847000e+01
49  2.493000e+02
50  2.282000e+02
51  1.782000e+02
52  2.289000e+02
53  1.633000e+02
54  3.460000e+01
55  1.893000e+01
56  1.342000e+01
57  1.191000e+01
58  1.084000e+01
59  3.391000e+02
60  1.065000e+02
61  1.171000e+02
62  9.532000e+01
63  1.702000e+01
64  1.675000e+02
65  2.042000e+02
66  1.107000e+02
67  1.706000e+01
68  1.233000e+01
69  1.234000e+01
70  1.220000e+01
71  1.040000e+01
72  1.086000e+01
73  1.525000e+01
74  9.934000e+01
75  6.628000e+01
76  3.277000e+02
77  3.957000e+01
78  9.209000e+00
79  4.147000e+00
80  1.068000e+00
81  1.429000e+00
82  2.974000e+00
83  3.583000e+00
84  3.002000e+00
85  4.123000e+00
86  1.171000e+02
87  1.743000e+01
88  5.962000e+01
89  9.003000e+00
90  0.000000e+00
91  6.784000e+00
92  0.000000e+00
93  0.000000e+00
94  0.000000e+00
95  6.844000e+00
96  6.125000e+00
97  1.768000e+01
98  4.674000e+02
99  4.939000e+02
100  4.013000e+01
101  2.374000e+01
102  9.870000e-01
103  0.000000e+00
104  0.000000e+00
105  0.000000e+00
106  0.000000e+00
107  0.000000e+00
108  0.000000e+00
109  3.894000e+01
110  1.588000e+01
111  1.709000e+01
112  1.640000e+01
113  0.000000e+00
114  0.000000e+00
115  0.000000e+00
116  0.000000e+00
117  0.000000e+00
118  0.000000e+00
119  7.688000e+00
120  4.044000e+01
121  3.152000e+01
122  2.025000e+02
123  2.028000e+02
124  4.347000e+01
125  3.767000e-02
126  0.000000e+00
127  0.000000e+00
128  0.000000e+00
129  0.000000e+00
130  0.000000e+00
131  5.585000e-03
132  2.089000e+01
133  1.421000e+01
134  1.560000e+02
135  6.599000e-01
136  2.067000e+00
137  0.000000e+00
138  0.000000e+00
139  0.000000e+00
140  0.000000e+00
141  0.000000e+00
   7 
1  5.108000e+01
2  2.613000e+02
3  3.463000e+02
4  1.731000e+02
5  2.450000e+01
6  7.733000e-01
7  0.000000e+00
8  0.000000e+00
9  0.000000e+00
10  0.000000e+00
11  2.165000e+01
12  2.268000e+01
13  1.258000e+01
14  2.652000e+02
15  2.950000e+02
16  2.048000e+02
17  7.065000e+01
18  1.996000e+01
19  0.000000e+00
20  0.000000e+00
21  0.000000e+00
22  9.532000e-01
23  1.043000e+02
24  7.447000e+01
25  1.483000e+02
26  4.702000e+02
27  4.227000e+02
28  2.075000e+02
29  9.928000e+01
30  3.854000e+00
31  0.000000e+00
32  0.000000e+00
33  0.000000e+00
34  7.527000e-04
35  8.012000e+01
36  4.756000e+01
37  1.458000e+02
38  2.211000e+02
39  2.016000e+02
40  1.072000e+02
41  1.070000e+02
42  7.534000e+00
43  0.000000e+00
44  0.000000e+00
45  0.000000e+00
46  1.363000e-01
47  1.398000e+02
48  1.208000e+02
49  2.832000e+02
50  2.347000e+02
51  2.177000e+02
52  2.724000e+02
53  1.874000e+02
54  1.841000e+01
55  2.965000e-01
56  0.000000e+00
57  2.317000e+00
58  6.203000e+00
59  4.901000e+02
60  1.108000e+02
61  1.303000e+02
62  1.237000e+02
63  1.848000e+01
64  2.311000e+02
65  2.417000e+02
66  1.276000e+02
67  8.030000e-01
68  7.971000e-02
69  2.288000e+00
70  5.809000e+00
71  9.266000e+00
72  1.148000e+01
73  2.675000e+01
74  1.357000e+02
75  9.901000e+01
76  4.240000e+02
77  4.397000e+01
78  3.979000e+00
79  7.070000e-01
80  0.000000e+00
81  3.806000e-01
82  3.476000e+00
83  5.902000e+00
84  6.256000e+00
85  1.177000e+01
86  1.629000e+02
87  3.585000e+01
88  1.125000e+02
89  2.913000e+01
90  0.000000e+00
91  1.905000e+01
92  0.000000e+00
93  0.000000e+00
94  1.421000e-01
95  3.763000e+01
96  1.933000e+01
97  2.897000e+01
98  5.723000e+02
99  6.305000e+02
100  5.666000e+01
101  3.406000e+01
102  1.038000e+00
103  0.000000e+00
104  0.000000e+00
105  0.000000e+00
106  0.000000e+00
107  8.226000e-01
108  2.383000e+00
109  7.231000e+01
110  2.632000e+01
111  2.653000e+01
112  3.204000e+01
113  0.000000e+00
114  0.000000e+00
115  0.000000e+00
116  0.000000e+00
117  0.000000e+00
118  0.000000e+00
119  3.149000e+01
120  5.783000e+01
121  4.672000e+01
122  2.467000e+02
123  3.162000e+02
124  6.609000e+01
125  5.827000e-01
126  0.000000e+00
127  0.000000e+00
128  0.000000e+00
129  0.000000e+00
130  0.000000e+00
131  2.910000e+00
132  4.005000e+01
133  1.990000e+01
134  2.095000e+02
135  6.824000e+00
136  8.111000e+00
137  3.795000e-01
138  0.000000e+00
139  0.000000e+00
140  0.000000e+00
141  0.000000e+00
   8 
1  1.206000e+00
2  5.255000e+01
3  7.735000e+01
4  6.580000e+01
5  2.148000e+01
6  3.191000e-01
7  0.000000e+00
8  0.000000e+00
9  0.000000e+00
10  0.000000e+00
11  0.000000e+00
12  4.389000e+00
13  1.511000e-01
14  8.005000e+01
15  5.623000e+01
16  1.033000e+02
17  5.209000e+01
18  1.096000e+01
19  0.000000e+00
20  0.000000e+00
21  0.000000e+00
22  0.000000e+00
23  1.744000e+01
24  5.954000e+00
25  4.437000e+01
26  1.416000e+02
27  1.467000e+02
28  1.322000e+02
29  1.445000e+02
30  7.169000e+01
31  1.929000e+01
32  1.729000e+00
33  0.000000e+00
34  0.000000e+00
35  1.419000e+01
36  3.305000e+01
37  3.349000e+01
38  6.875000e+01
39  5.567000e+01
40  4.985000e+01
41  6.760000e+01
42  2.854000e+01
43  3.081000e+00
44  0.000000e+00
45  0.000000e+00
46  0.000000e+00
47  8.265000e-01
48  4.351000e+01
49  1.317000e+02
50  1.424000e+02
51  1.748000e+02
52  1.737000e+02
53  1.846000e+02
54  6.785000e+01
55  1.825000e+01
56  5.245000e-02
57  0.000000e+00
58  0.000000e+00
59  1.135000e+02
60  8.029000e+01
61  6.851000e+01
62  7.528000e+01
63  3.747000e+01
64  8.516000e+01
65  1.915000e+02
66  1.404000e+02
67  5.896000e+01
68  1.715000e+01
69  5.019000e+00
70  3.192000e+00
71  1.875000e+00
72  2.500000e+00
73  4.456000e-01
74  1.583000e+01
75  3.952000e+01
76  1.941000e+02
77  8.180000e+01
78  3.001000e+01
79  5.124000e+00
80  0.000000e+00
81  0.000000e+00
82  0.000000e+00
83  0.000000e+00
84  0.000000e+00
85  0.000000e+00
86  7.285000e+00
87  0.000000e+00
88  1.959000e+00
89  0.000000e+00
90  0.000000e+00
91  0.000000e+00
92  0.000000e+00
93  0.000000e+00
94  0.000000e+00
95  0.000000e+00
96  0.000000e+00
97  5.778000e-01
98  1.121000e+02
99  2.748000e+02
100  1.241000e+02
101  6.168000e+01
102  1.206000e+01
103  0.000000e+00
104  0.000000e+00
105  0.000000e+00
106  0.000000e+00
107  0.000000e+00
108  0.000000e+00
109  1.777000e-03
110  2.587000e-01
111  3.168000e+00
112  4.773000e+00
113  0.000000e+00
114  0.000000e+00
115  0.000000e+00
116  0.000000e+00
117  0.000000e+00
118  0.000000e+00
119  0.000000e+00
120  2.435000e+00
121  4.260000e+00
122  5.344000e+01
123  5.147000e+01
124  4.546000e+01
125  1.545000e+01
126  7.276000e-01
127  0.000000e+00
128  0.000000e+00
129  0.000000e+00
130  0.000000e+00
131  0.000000e+00
132  5.339000e-03
133  1.322000e+00
134  1.067000e+01
135  0.000000e+00
136  0.000000e+00
137  0.000000e+00
138  0.000000e+00
139  0.000000e+00
140  0.000000e+00
141  0.000000e+00
