   1 
1  6.158000e+00
2  1.270000e+01
3  6.204000e+00
4  1.607000e+01
5  1.281000e+00
6  1.898000e-01
7  1.604000e-01
8  1.366000e-01
9  1.181000e-01
10  7.860000e-01
11  1.642000e+00
12  4.520000e+00
13  3.473000e+00
14  8.170000e+00
15  1.760000e+01
16  1.560000e+01
17  6.244000e+00
18  2.430000e-01
19  2.031000e-01
20  1.731000e-01
21  1.504000e-01
22  1.955000e+00
23  4.152000e-01
24  1.564000e+01
25  8.697000e+00
26  1.513000e+01
27  2.841000e+00
28  1.161000e+01
29  6.089000e+00
30  2.234000e+00
31  1.755000e-01
32  1.502000e-01
33  1.302000e-01
34  1.140000e-01
35  1.073000e+00
36  5.023000e+00
37  3.634000e+00
38  4.001000e+00
39  1.514000e+01
40  7.633000e+00
41  8.842000e+00
42  3.554000e+00
43  1.689000e-01
44  1.426000e-01
45  1.229000e-01
46  1.790000e+00
47  2.353000e+01
48  6.483000e+00
49  1.093000e+01
50  5.203000e+00
51  1.185000e+01
52  4.749000e+00
53  3.215000e+00
54  2.404000e-01
55  2.031000e-01
56  1.737000e-01
57  1.517000e-01
58  5.565000e-01
59  2.219000e+01
60  4.873000e-01
61  3.211000e+00
62  2.075000e+00
63  1.598000e+00
64  9.803000e+00
65  2.602000e+00
66  2.008000e-01
67  1.249000e-01
68  1.042000e-01
69  9.180000e-01
70  9.517000e-02
71  8.155000e-02
72  6.911000e-02
73  2.534000e+00
74  1.339000e+00
75  1.019000e+01
76  1.025000e+01
77  4.452000e+00
78  1.477000e-01
79  1.210000e-01
80  1.014000e-01
81  2.556000e-01
82  1.512000e+00
83  2.292000e+00
84  1.278000e+00
85  3.073000e-01
86  8.574000e+00
87  3.365000e+00
88  1.260000e+00
89  9.164000e+00
90  1.292000e+00
91  6.460000e+00
92  1.173000e-01
93  1.019000e-01
94  8.795000e-02
95  8.346000e+00
96  1.495000e+00
97  7.509000e-01
98  2.355000e+01
99  1.224000e+01
100  8.019000e+00
101  4.116000e+00
102  3.287000e-01
103  5.040000e-01
104  6.708000e-01
105  1.387000e-01
106  4.392000e-01
107  8.685000e-01
108  5.539000e-01
109  6.637000e+00
110  1.297000e+00
111  8.236000e-01
112  2.541000e+00
113  3.049000e-01
114  8.658000e-02
115  9.079000e-02
116  2.052000e-01
117  5.869000e-02
118  6.604000e-01
119  4.092000e+00
120  1.820000e-01
121  2.466000e+00
122  1.224000e+00
123  2.007000e+01
124  3.627000e+00
125  2.039000e+00
126  2.561000e-01
127  7.189000e-02
128  6.006000e-02
129  5.338000e-01
130  6.296000e-01
131  5.037000e+00
132  6.893000e+00
133  4.916000e-01
134  1.130000e-01
135  4.407000e+00
136  1.642000e+00
137  1.965000e+00
138  9.523000e-02
139  7.893000e-02
140  6.555000e-02
141  1.296000e-01
   2 
1  1.053000e+00
2  1.017000e+01
3  1.511000e+00
4  7.396000e+00
5  7.140000e-02
6  3.794000e-04
7  0.000000e+00
8  0.000000e+00
9  0.000000e+00
10  1.560000e-03
11  3.934000e-02
12  4.767000e-01
13  4.393000e-01
14  1.376000e+00
15  6.973000e+00
16  8.480000e+00
17  2.422000e+00
18  5.967000e-03
19  0.000000e+00
20  0.000000e+00
21  0.000000e+00
22  8.108000e-03
23  6.732000e-03
24  6.297000e+00
25  8.561000e+00
26  1.215000e+01
27  5.164000e-01
28  4.950000e+00
29  1.406000e+00
30  1.274000e-01
31  1.773000e-04
32  8.119000e-06
33  0.000000e+00
34  1.856000e-06
35  2.639000e-03
36  1.114000e+00
37  1.444000e+00
38  2.588000e+00
39  5.880000e+00
40  1.951000e+00
41  2.396000e+00
42  8.196000e-01
43  1.803000e-03
44  0.000000e+00
45  0.000000e+00
46  1.346000e-01
47  8.549000e+00
48  2.471000e+00
49  5.991000e+00
50  3.608000e+00
51  5.814000e+00
52  1.277000e+00
53  6.604000e-01
54  1.063000e-03
55  0.000000e+00
56  0.000000e+00
57  0.000000e+00
58  2.373000e-03
59  8.880000e+00
60  2.366000e-02
61  7.995000e-01
62  3.225000e-01
63  8.908000e-03
64  2.659000e+00
65  3.640000e-02
66  2.178000e-03
67  0.000000e+00
68  0.000000e+00
69  6.674000e-05
70  4.090000e-04
71  5.357000e-04
72  1.298000e-03
73  1.670000e-02
74  4.011000e-03
75  1.697000e+00
76  2.545000e+00
77  1.018000e+00
78  3.905000e-03
79  0.000000e+00
80  0.000000e+00
81  2.688000e-05
82  4.089000e-03
83  1.210000e-02
84  8.812000e-03
85  6.560000e-03
86  6.466000e+00
87  8.304000e-01
88  2.943000e-02
89  2.943000e+00
90  1.464000e-01
91  3.008000e+00
92  1.074000e-03
93  1.041000e-04
94  2.091000e-05
95  8.548000e-01
96  1.765000e-02
97  5.718000e-02
98  1.227000e+01
99  7.397000e+00
100  2.749000e+00
101  7.447000e-01
102  4.003000e-03
103  2.063000e-04
104  3.470000e-02
105  0.000000e+00
106  6.184000e-04
107  6.768000e-02
108  4.559000e-03
109  1.128000e+00
110  1.525000e-02
111  6.140000e-03
112  5.855000e-03
113  9.352000e-04
114  0.000000e+00
115  0.000000e+00
116  0.000000e+00
117  0.000000e+00
118  7.028000e-05
119  4.060000e-01
120  8.411000e-03
121  7.808000e-02
122  4.383000e-01
123  1.061000e+01
124  1.869000e-01
125  2.291000e-01
126  2.185000e-03
127  0.000000e+00
128  0.000000e+00
129  0.000000e+00
130  1.162000e-03
131  6.943000e-01
132  1.543000e+00
133  2.207000e-02
134  1.016000e-02
135  5.115000e-01
136  9.405000e-03
137  7.160000e-03
138  0.000000e+00
139  0.000000e+00
140  0.000000e+00
141  0.000000e+00
   3 
1  1.385000e-01
2  1.794000e+00
3  2.975000e-02
4  1.165000e+00
5  2.094000e-02
6  3.473000e-03
7  1.306000e-04
8  0.000000e+00
9  0.000000e+00
10  1.943000e-03
11  5.873000e-03
12  1.134000e-02
13  1.966000e-02
14  1.238000e-02
15  4.622000e-01
16  1.109000e+00
17  1.070000e-01
18  1.632000e-02
19  2.147000e-03
20  0.000000e+00
21  0.000000e+00
22  7.854000e-03
23  1.960000e-01
24  3.620000e-01
25  2.768000e+00
26  3.352000e+00
27  2.214000e-01
28  7.168000e-01
29  7.764000e-02
30  1.427000e-02
31  1.876000e-03
32  6.207000e-05
33  1.142000e-05
34  2.730000e-05
35  3.945000e-03
36  1.444000e-01
37  1.510000e-01
38  6.153000e-02
39  1.197000e-01
40  2.770000e-02
41  8.625000e-02
42  2.226000e-02
43  5.057000e-03
44  2.035000e-04
45  0.000000e+00
46  9.443000e-04
47  1.080000e-01
48  4.576000e-01
49  1.514000e+00
50  1.217000e+00
51  8.980000e-01
52  7.322000e-01
53  3.757000e-01
54  2.817000e-02
55  2.282000e-04
56  0.000000e+00
57  2.155000e-02
58  3.056000e-01
59  5.302000e-01
60  5.529000e-01
61  4.536000e-01
62  2.958000e-01
63  6.625000e-02
64  1.596000e-02
65  1.889000e-02
66  4.871000e-03
67  8.994000e-05
68  0.000000e+00
69  1.590000e-04
70  1.177000e-03
71  1.314000e-03
72  1.488000e-02
73  5.896000e-02
74  1.849000e-02
75  2.626000e-02
76  3.431000e-02
77  2.331000e-02
78  6.777000e-03
79  9.093000e-05
80  0.000000e+00
81  6.148000e-05
82  3.272000e-03
83  9.381000e-03
84  9.167000e-03
85  6.874000e-03
86  4.145000e-01
87  1.520000e-02
88  5.883000e-03
89  9.195000e-03
90  1.244000e-02
91  1.525000e-02
92  2.720000e-03
93  4.560000e-04
94  1.758000e-04
95  2.462000e-02
96  1.888000e-02
97  1.072000e-02
98  4.799000e-01
99  1.324000e+00
100  1.483000e-01
101  2.320000e-02
102  8.946000e-03
103  1.588000e-03
104  8.134000e-04
105  9.047000e-06
106  1.072000e-03
107  4.976000e-03
108  5.020000e-03
109  1.746000e-02
110  1.516000e-02
111  7.036000e-03
112  6.098000e-03
113  1.221000e-03
114  0.000000e+00
115  0.000000e+00
116  0.000000e+00
117  0.000000e+00
118  8.164000e-05
119  1.133000e-02
120  8.691000e-03
121  1.067000e-02
122  5.217000e-03
123  6.407000e-01
124  3.465000e-02
125  1.808000e-02
126  4.916000e-03
127  9.727000e-06
128  0.000000e+00
129  0.000000e+00
130  1.596000e-03
131  1.284000e-02
132  2.033000e-02
133  2.519000e-02
134  1.201000e-02
135  7.650000e-03
136  6.951000e-03
137  5.469000e-03
138  0.000000e+00
139  0.000000e+00
140  0.000000e+00
141  0.000000e+00
   4 
1  1.005000e-01
2  4.641000e+00
3  1.988000e-01
4  2.404000e+00
5  2.481000e-02
6  2.380000e-03
7  2.323000e-05
8  0.000000e+00
9  0.000000e+00
10  1.916000e-03
11  5.844000e-03
12  1.132000e-02
13  1.303000e-02
14  1.244000e-02
15  1.414000e+00
16  2.634000e+00
17  5.014000e-01
18  1.391000e-02
19  1.352000e-03
20  0.000000e+00
21  0.000000e+00
22  4.148000e-03
23  7.501000e-03
24  6.887000e-01
25  5.188000e+00
26  7.136000e+00
27  3.330000e-02
28  1.467000e+00
29  3.219000e-01
30  1.220000e-02
31  1.275000e-03
32  4.155000e-05
33  7.415000e-06
34  1.834000e-05
35  3.137000e-03
36  1.391000e-02
37  8.316000e-02
38  4.560000e-01
39  9.942000e-01
40  1.843000e-01
41  4.204000e-01
42  8.583000e-02
43  4.557000e-03
44  1.333000e-04
45  0.000000e+00
46  9.309000e-04
47  9.887000e-01
48  7.073000e-01
49  2.418000e+00
50  2.010000e+00
51  1.395000e+00
52  3.509000e-01
53  1.270000e-01
54  5.687000e-03
55  8.781000e-05
56  0.000000e+00
57  6.368000e-07
58  2.610000e-03
59  9.134000e-01
60  4.292000e-01
61  3.683000e-01
62  2.036000e-01
63  1.623000e-02
64  2.739000e-01
65  1.809000e-02
66  4.465000e-03
67  4.620000e-05
68  0.000000e+00
69  1.412000e-04
70  1.059000e-03
71  1.198000e-03
72  1.868000e-03
73  7.900000e-03
74  4.457000e-03
75  2.888000e-02
76  6.837000e-02
77  3.773000e-02
78  6.647000e-03
79  7.872000e-05
80  0.000000e+00
81  5.855000e-05
82  3.246000e-03
83  9.343000e-03
84  9.133000e-03
85  6.843000e-03
86  1.956000e+00
87  1.522000e-02
88  5.760000e-03
89  3.521000e-02
90  1.219000e-02
91  7.333000e-02
92  2.606000e-03
93  4.150000e-04
94  1.467000e-04
95  2.453000e-02
96  1.881000e-02
97  1.065000e-02
98  3.079000e+00
99  3.229000e+00
100  6.249000e-01
101  5.958000e-02
102  7.340000e-03
103  1.115000e-03
104  6.422000e-04
105  2.849000e-06
106  1.000000e-03
107  4.902000e-03
108  4.968000e-03
109  1.742000e-02
110  1.512000e-02
111  7.006000e-03
112  6.071000e-03
113  1.204000e-03
114  0.000000e+00
115  0.000000e+00
116  0.000000e+00
117  0.000000e+00
118  8.072000e-05
119  1.132000e-02
120  8.678000e-03
121  1.066000e-02
122  5.465000e-02
123  2.590000e+00
124  3.125000e-02
125  1.653000e-02
126  4.260000e-03
127  5.001000e-06
128  0.000000e+00
129  0.000000e+00
130  1.538000e-03
131  1.277000e-02
132  3.059000e-02
133  2.509000e-02
134  1.194000e-02
135  7.599000e-03
136  6.912000e-03
137  5.439000e-03
138  0.000000e+00
139  0.000000e+00
140  0.000000e+00
141  0.000000e+00
   5 
1  1.540000e-01
2  3.096000e+00
3  1.899000e-01
4  1.841000e+00
5  1.617000e-01
6  1.278000e-01
7  1.079000e-01
8  9.327000e-02
9  8.270000e-02
10  7.960000e-02
11  7.634000e-02
12  7.416000e-02
13  6.884000e-02
14  6.418000e-02
15  9.398000e-01
16  2.481000e+00
17  1.047000e+00
18  7.327000e-01
19  6.409000e-01
20  5.659000e-01
21  5.041000e-01
22  4.566000e-01
23  4.114000e-01
24  5.676000e-01
25  3.943000e+00
26  5.126000e+00
27  3.117000e-01
28  1.423000e+00
29  4.904000e-01
30  2.759000e-01
31  2.348000e-01
32  2.060000e-01
33  1.833000e-01
34  1.646000e-01
35  1.512000e-01
36  1.458000e-01
37  1.286000e-01
38  2.269000e-01
39  5.342000e-01
40  1.411000e-01
41  3.083000e-01
42  1.106000e-01
43  7.964000e-02
44  6.536000e-02
45  5.689000e-02
46  5.333000e-02
47  3.824000e-01
48  7.277000e-01
49  2.230000e+00
50  1.897000e+00
51  1.692000e+00
52  1.639000e+00
53  1.458000e+00
54  1.284000e+00
55  1.138000e+00
56  1.010000e+00
57  9.015000e-01
58  8.096000e-01
59  9.688000e-01
60  6.826000e-01
61  6.001000e-01
62  5.544000e-01
63  4.735000e-01
64  4.903000e-01
65  3.886000e-01
66  3.345000e-01
67  2.917000e-01
68  2.555000e-01
69  2.299000e-01
70  2.093000e-01
71  1.871000e-01
72  1.675000e-01
73  1.555000e-01
74  1.362000e-01
75  1.438000e-01
76  1.391000e-01
77  1.169000e-01
78  9.012000e-02
79  7.127000e-02
80  5.947000e-02
81  5.447000e-02
82  5.580000e-02
83  5.637000e-02
84  5.104000e-02
85  4.415000e-02
86  1.036000e+00
87  5.040000e-02
88  3.709000e-02
89  3.706000e-02
90  3.744000e-02
91  3.799000e-02
92  2.261000e-02
93  1.793000e-02
94  1.577000e-02
95  3.923000e-02
96  3.168000e-02
97  2.209000e-02
98  1.426000e+00
99  2.345000e+00
100  7.090000e-01
101  3.572000e-01
102  3.046000e-01
103  2.650000e-01
104  2.345000e-01
105  2.078000e-01
106  1.877000e-01
107  1.719000e-01
108  1.538000e-01
109  1.498000e-01
110  1.381000e-01
111  1.131000e-01
112  1.006000e-01
113  8.466000e-02
114  6.878000e-02
115  5.916000e-02
116  5.161000e-02
117  4.772000e-02
118  4.450000e-02
119  5.376000e-02
120  4.643000e-02
121  4.431000e-02
122  3.525000e-02
123  1.442000e+00
124  6.444000e-02
125  4.525000e-02
126  2.903000e-02
127  1.716000e-02
128  1.255000e-02
129  1.202000e-02
130  1.711000e-02
131  2.685000e-02
132  3.270000e-02
133  3.627000e-02
134  2.218000e-02
135  1.651000e-02
136  1.480000e-02
137  1.244000e-02
138  1.971000e-03
139  3.653000e-05
140  0.000000e+00
141  1.090000e-05
   6 
1  3.056000e-01
2  6.834000e+00
3  4.869000e-01
4  3.472000e+00
5  1.323000e-01
6  7.831000e-02
7  5.379000e-02
8  3.735000e-02
9  2.691000e-02
10  2.543000e-02
11  2.445000e-02
12  2.519000e-02
13  4.117000e-02
14  7.510000e-02
15  2.529000e+00
16  4.569000e+00
17  1.773000e+00
18  6.973000e-01
19  5.174000e-01
20  3.851000e-01
21  2.901000e-01
22  2.258000e-01
23  1.753000e-01
24  1.774000e+00
25  6.745000e+00
26  9.997000e+00
27  2.270000e-01
28  2.040000e+00
29  5.864000e-01
30  1.023000e-01
31  6.843000e-02
32  4.876000e-02
33  3.613000e-02
34  2.802000e-02
35  2.551000e-02
36  3.780000e-02
37  4.383000e-01
38  1.143000e+00
39  1.927000e+00
40  5.406000e-01
41  8.022000e-01
42  2.820000e-01
43  5.852000e-02
44  3.941000e-02
45  2.825000e-02
46  2.370000e-02
47  2.254000e+00
48  1.286000e+00
49  4.616000e+00
50  3.777000e+00
51  3.024000e+00
52  1.385000e+00
53  1.263000e+00
54  1.016000e+00
55  7.615000e-01
56  5.696000e-01
57  4.305000e-01
58  3.305000e-01
59  2.235000e+00
60  2.560000e-01
61  3.226000e-01
62  1.654000e-01
63  1.132000e-01
64  7.492000e-01
65  8.738000e-02
66  5.660000e-02
67  3.693000e-02
68  2.321000e-02
69  1.873000e-02
70  1.792000e-02
71  1.404000e-02
72  1.146000e-02
73  1.523000e-02
74  9.909000e-03
75  1.371000e-01
76  3.656000e-01
77  1.911000e-01
78  3.612000e-02
79  1.916000e-02
80  1.008000e-02
81  8.123000e-03
82  1.272000e-02
83  1.666000e-02
84  1.463000e-02
85  1.090000e-02
86  3.324000e+00
87  8.968000e-02
88  2.780000e-02
89  3.684000e-01
90  4.974000e-02
91  4.178000e-01
92  4.637000e-02
93  3.310000e-02
94  2.472000e-02
95  4.401000e-02
96  3.332000e-02
97  2.358000e-02
98  5.788000e+00
99  4.663000e+00
100  1.128000e+00
101  2.848000e-01
102  9.835000e-02
103  6.955000e-02
104  5.129000e-02
105  3.748000e-02
106  3.034000e-02
107  2.758000e-02
108  2.199000e-02
109  3.075000e-02
110  2.564000e-02
111  1.474000e-02
112  1.193000e-02
113  4.906000e-03
114  1.042000e-05
115  1.893000e-05
116  0.000000e+00
117  0.000000e+00
118  2.287000e-04
119  1.214000e-02
120  9.267000e-03
121  1.111000e-02
122  2.585000e-01
123  4.280000e+00
124  4.857000e-02
125  3.048000e-02
126  1.471000e-02
127  3.403000e-03
128  3.322000e-04
129  1.439000e-04
130  4.997000e-03
131  1.555000e-02
132  1.879000e-01
133  3.176000e-02
134  1.731000e-02
135  1.164000e-02
136  9.960000e-03
137  7.724000e-03
138  1.356000e-04
139  0.000000e+00
140  0.000000e+00
141  0.000000e+00
   7 
1  7.003000e-01
2  9.478000e+00
3  8.364000e-01
4  4.879000e+00
5  1.411000e-01
6  9.522000e-02
7  8.338000e-02
8  7.535000e-02
9  7.008000e-02
10  7.138000e-02
11  7.180000e-02
12  8.673000e-02
13  2.216000e-01
14  4.324000e-01
15  4.051000e+00
16  5.558000e+00
17  1.583000e+00
18  1.814000e-01
19  1.586000e-01
20  1.441000e-01
21  1.343000e-01
22  1.325000e-01
23  1.274000e-01
24  3.426000e+00
25  8.368000e+00
26  1.288000e+01
27  3.678000e-01
28  2.916000e+00
29  8.139000e-01
30  1.328000e-01
31  1.085000e-01
32  9.843000e-02
33  9.154000e-02
34  8.654000e-02
35  8.511000e-02
36  2.992000e-01
37  1.169000e+00
38  2.238000e+00
39  3.331000e+00
40  1.015000e+00
41  1.319000e+00
42  5.026000e-01
43  8.582000e-02
44  7.487000e-02
45  6.868000e-02
46  6.677000e-02
47  4.411000e+00
48  1.545000e+00
49  4.382000e+00
50  3.411000e+00
51  3.630000e+00
52  1.001000e+00
53  7.622000e-01
54  4.947000e-01
55  4.536000e-01
56  4.194000e-01
57  3.916000e-01
58  3.703000e-01
59  4.706000e+00
60  3.607000e-01
61  6.664000e-01
62  4.142000e-01
63  2.807000e-01
64  1.550000e+00
65  2.562000e-01
66  2.266000e-01
67  2.047000e-01
68  1.864000e-01
69  1.759000e-01
70  1.682000e-01
71  1.569000e-01
72  1.466000e-01
73  1.426000e-01
74  1.299000e-01
75  5.879000e-01
76  1.096000e+00
77  5.324000e-01
78  1.178000e-01
79  1.008000e-01
80  9.015000e-02
81  8.570000e-02
82  8.721000e-02
83  8.767000e-02
84  8.200000e-02
85  7.458000e-02
86  5.272000e+00
87  4.389000e-01
88  7.270000e-02
89  1.208000e+00
90  8.226000e-02
91  1.283000e+00
92  7.247000e-02
93  6.546000e-02
94  6.086000e-02
95  1.912000e-01
96  7.544000e-02
97  8.725000e-02
98  9.612000e+00
99  5.871000e+00
100  1.643000e+00
101  4.620000e-01
102  8.965000e-02
103  7.813000e-02
104  7.186000e-02
105  6.592000e-02
106  6.387000e-02
107  6.401000e-02
108  5.988000e-02
109  2.254000e-01
110  7.060000e-02
111  5.697000e-02
112  5.260000e-02
113  4.366000e-02
114  3.391000e-02
115  2.964000e-02
116  2.679000e-02
117  2.693000e-02
118  2.728000e-02
119  4.949000e-02
120  3.584000e-02
121  3.602000e-02
122  6.627000e-01
123  6.705000e+00
124  6.520000e-02
125  7.645000e-02
126  2.943000e-02
127  1.928000e-02
128  1.575000e-02
129  1.593000e-02
130  2.150000e-02
131  9.427000e-02
132  5.917000e-01
133  4.364000e-02
134  3.026000e-02
135  7.492000e-02
136  2.482000e-02
137  2.221000e-02
138  1.072000e-02
139  6.592000e-03
140  3.832000e-03
141  5.979000e-03
   8 
1  2.981000e-02
2  9.219000e-01
3  2.679000e-02
4  8.801000e-01
5  2.196000e-02
6  3.905000e-03
7  1.824000e-04
8  0.000000e+00
9  0.000000e+00
10  1.968000e-03
11  5.909000e-03
12  1.137000e-02
13  1.298000e-02
14  1.241000e-02
15  4.620000e-01
16  3.016000e+00
17  1.613000e+00
18  2.987000e-01
19  2.405000e-03
20  0.000000e+00
21  0.000000e+00
22  4.221000e-03
23  7.573000e-03
24  4.205000e-02
25  1.550000e+00
26  2.067000e+00
27  1.250000e+00
28  8.893000e-01
29  3.551000e-01
30  1.509000e-02
31  2.133000e-03
32  7.509000e-05
33  1.686000e-05
34  2.790000e-05
35  3.192000e-03
36  1.395000e-02
37  9.991000e-03
38  1.129000e-02
39  3.713000e-02
40  2.789000e-02
41  3.691000e-02
42  2.238000e-02
43  5.111000e-03
44  2.132000e-04
45  1.079000e-07
46  9.457000e-04
47  5.679000e-02
48  1.033000e+00
49  4.276000e+00
50  3.051000e+00
51  2.793000e+00
52  2.628000e+00
53  9.395000e-01
54  3.779000e-02
55  2.880000e-04
56  0.000000e+00
57  3.839000e-06
58  2.980000e-03
59  4.730000e-02
60  3.358000e-02
61  2.238000e-02
62  1.810000e-02
63  1.059000e-02
64  1.534000e-02
65  1.892000e-02
66  4.886000e-03
67  9.229000e-05
68  0.000000e+00
69  1.611000e-04
70  1.186000e-03
71  1.323000e-03
72  1.975000e-03
73  8.003000e-03
74  4.546000e-03
75  2.627000e-02
76  3.431000e-02
77  2.331000e-02
78  6.781000e-03
79  9.146000e-05
80  0.000000e+00
81  6.169000e-05
82  3.274000e-03
83  9.384000e-03
84  9.170000e-03
85  6.876000e-03
86  1.407000e-01
87  1.523000e-02
88  5.906000e-03
89  9.214000e-03
90  1.246000e-02
91  1.527000e-02
92  2.735000e-03
93  4.626000e-04
94  1.813000e-04
95  2.463000e-02
96  1.890000e-02
97  1.073000e-02
98  7.849000e-02
99  1.521000e+00
100  1.086000e+00
101  1.639000e-01
102  9.362000e-03
103  1.718000e-03
104  8.611000e-04
105  1.113000e-05
106  1.086000e-03
107  4.989000e-03
108  5.027000e-03
109  1.746000e-02
110  1.516000e-02
111  7.039000e-03
112  6.102000e-03
113  1.222000e-03
114  0.000000e+00
115  0.000000e+00
116  0.000000e+00
117  0.000000e+00
118  8.174000e-05
119  1.133000e-02
120  8.692000e-03
121  1.068000e-02
122  5.218000e-03
123  2.106000e-01
124  3.556000e-02
125  1.849000e-02
126  5.086000e-03
127  1.157000e-05
128  0.000000e+00
129  0.000000e+00
130  1.604000e-03
131  1.285000e-02
132  2.034000e-02
133  2.520000e-02
134  1.202000e-02
135  7.653000e-03
136  6.954000e-03
137  5.471000e-03
138  0.000000e+00
139  0.000000e+00
140  0.000000e+00
141  0.000000e+00
