   1 
11  1.607000e+02
12  4.779000e+01
13  2.992000e+01
14  5.960000e+02
15  6.810000e+02
16  4.123000e+02
17  1.457000e+02
18  5.508000e+01
19  1.006000e+00
20  0.000000e+00
21  0.000000e+00
22  1.644000e+02
23  2.341000e+02
24  2.374000e+02
25  8.965000e+01
26  5.507000e+02
27  5.594000e+02
28  5.923000e+02
29  3.961000e+02
30  7.198000e+01
31  1.048000e-02
32  9.623000e+00
33  2.768000e+00
34  2.976000e+01
35  3.350000e+02
36  1.554000e+02
37  1.574000e+02
38  3.219000e+02
39  4.728000e+02
40  4.202000e+02
41  4.009000e+02
42  2.994000e+01
43  3.071000e+00
44  3.343000e+00
45  8.357000e-01
46  2.120000e+01
47  7.741000e+02
48  2.715000e+02
49  4.035000e+02
50  3.073000e+02
51  4.880000e+02
52  5.434000e+02
53  4.026000e+02
54  5.181000e+01
55  3.213000e-02
56  0.000000e+00
57  5.351000e-03
58  5.151000e+01
59  1.239000e+03
60  1.138000e+02
61  1.360000e+02
62  3.393000e+02
63  1.034000e+02
64  7.029000e+02
65  5.850000e+02
66  3.314000e+02
67  1.153000e+00
68  0.000000e+00
69  2.300000e+00
70  5.539000e+00
71  7.873000e+01
72  1.509000e+01
73  1.077000e+02
74  4.126000e+02
75  4.653000e+02
76  8.532000e+02
77  1.884000e+02
78  1.650000e+01
79  7.326000e+00
80  0.000000e+00
81  1.061000e+00
82  5.325000e+01
83  2.539000e+01
84  7.133000e+01
85  9.513000e+01
86  1.676000e+02
87  1.692000e+02
88  4.745000e+02
89  2.507000e+02
90  1.036000e+01
91  3.803000e+01
92  0.000000e+00
93  0.000000e+00
94  5.561000e+01
95  3.963000e+02
96  1.847000e+02
97  3.375000e+01
98  5.197000e+02
99  1.037000e+03
100  2.627000e+02
101  2.116000e+02
102  8.080000e+00
103  8.060000e-02
104  2.645000e+00
105  1.820000e-01
106  8.387000e-01
107  7.906000e+01
108  2.374000e+01
109  2.764000e+02
110  1.784000e+02
111  1.275000e+02
112  1.917000e+02
113  3.466000e+01
114  0.000000e+00
115  2.530000e+01
116  5.614000e+01
117  4.342000e-02
118  3.979000e+01
119  2.952000e+02
120  1.261000e+02
121  1.222000e+02
122  2.713000e+02
123  7.659000e+02
124  2.610000e+02
125  1.489000e+01
126  5.128000e-01
127  0.000000e+00
128  0.000000e+00
129  2.938000e+01
130  6.107000e+01
131  1.590000e+02
   2 
11  5.207000e+01
12  2.304000e+01
13  1.076000e+01
14  3.322000e+02
15  3.888000e+02
16  2.414000e+02
17  8.811000e+01
18  3.306000e+01
19  0.000000e+00
20  0.000000e+00
21  0.000000e+00
22  1.621000e+01
23  1.494000e+02
24  8.059000e+01
25  8.285000e+01
26  4.338000e+02
27  4.430000e+02
28  3.010000e+02
29  1.727000e+02
30  1.266000e+01
31  0.000000e+00
32  2.267000e-01
33  1.087000e-02
34  4.479000e-01
35  1.418000e+02
36  5.729000e+01
37  1.265000e+02
38  2.272000e+02
39  2.605000e+02
40  1.755000e+02
41  1.708000e+02
42  9.899000e+00
43  0.000000e+00
44  0.000000e+00
45  0.000000e+00
46  1.003000e+00
47  2.704000e+02
48  1.533000e+02
49  3.038000e+02
50  2.329000e+02
51  2.685000e+02
52  3.386000e+02
53  2.359000e+02
54  2.259000e+01
55  0.000000e+00
56  0.000000e+00
57  0.000000e+00
58  1.777000e+00
59  6.902000e+02
60  9.984000e+01
61  1.219000e+02
62  1.768000e+02
63  2.165000e+01
64  3.445000e+02
65  3.171000e+02
66  1.670000e+02
67  0.000000e+00
68  0.000000e+00
69  0.000000e+00
70  1.185000e-03
71  1.291000e+01
72  2.094000e+00
73  3.004000e+01
74  1.873000e+02
75  1.564000e+02
76  5.675000e+02
77  6.217000e+01
78  7.396000e+00
79  4.597000e-01
80  0.000000e+00
81  0.000000e+00
82  3.070000e+00
83  4.980000e+00
84  3.484000e-01
85  1.625000e+01
86  9.955000e+01
87  5.305000e+01
88  2.129000e+02
89  5.899000e+01
90  9.079000e-01
91  1.461000e+01
92  0.000000e+00
93  0.000000e+00
94  6.289000e+00
95  1.160000e+02
96  4.021000e+01
97  2.619000e+01
98  4.882000e+02
99  7.600000e+02
100  9.224000e+01
101  6.808000e+01
102  2.077000e+00
103  0.000000e+00
104  1.604000e-01
105  0.000000e+00
106  0.000000e+00
107  3.770000e+00
108  3.831000e+00
109  1.110000e+02
110  4.402000e+01
111  4.511000e+01
112  6.986000e+01
113  0.000000e+00
114  0.000000e+00
115  2.605000e+00
116  3.242000e+00
117  0.000000e+00
118  9.935000e-02
119  9.707000e+01
120  6.038000e+01
121  6.248000e+01
122  2.249000e+02
123  4.448000e+02
124  1.195000e+02
125  2.435000e+00
126  0.000000e+00
127  0.000000e+00
128  0.000000e+00
129  1.957000e-01
130  3.308000e+00
131  2.045000e+01
   3 
11  3.692000e+00
12  1.414000e+01
13  8.378000e+00
14  1.113000e+02
15  6.395000e+01
16  4.266000e+01
17  1.706000e+01
18  2.717000e+00
19  0.000000e+00
20  0.000000e+00
21  0.000000e+00
22  2.002000e+00
23  3.339000e+01
24  1.280000e+01
25  5.381000e+01
26  1.742000e+02
27  1.715000e+02
28  8.100000e+01
29  3.697000e+01
30  8.013000e+00
31  1.004000e+00
32  1.386000e+00
33  4.283000e+00
34  1.035000e+01
35  3.759000e+01
36  4.177000e+01
37  4.747000e+01
38  9.700000e+01
39  5.696000e+01
40  3.327000e+01
41  2.939000e+01
42  7.663000e+00
43  1.442000e+00
44  9.081000e-01
45  3.714000e+00
46  9.722000e+00
47  1.960000e+01
48  4.472000e+01
49  1.010000e+02
50  1.265000e+02
51  7.192000e+01
52  1.011000e+02
53  7.422000e+01
54  2.319000e+01
55  1.150000e+01
56  8.676000e+00
57  1.866000e+01
58  2.790000e+01
59  1.670000e+02
60  8.346000e+01
61  8.656000e+01
62  7.033000e+01
63  2.951000e+01
64  7.055000e+01
65  9.245000e+01
66  5.919000e+01
67  2.900000e+01
68  2.351000e+01
69  3.057000e+01
70  3.750000e+01
71  4.015000e+01
72  4.118000e+01
73  3.851000e+01
74  5.687000e+01
75  6.684000e+01
76  1.694000e+02
77  3.102000e+01
78  1.561000e+01
79  9.527000e+00
80  6.960000e+00
81  1.022000e+01
82  1.883000e+01
83  2.343000e+01
84  2.350000e+01
85  2.135000e+01
86  3.296000e+01
87  1.345000e+01
88  1.265000e+01
89  2.026000e-01
90  0.000000e+00
91  1.888000e-02
92  0.000000e+00
93  0.000000e+00
94  1.488000e-04
95  2.587000e+00
96  4.698000e+00
97  8.269000e+00
98  1.776000e+02
99  2.621000e+02
100  1.639000e+01
101  7.066000e+00
102  9.230000e-02
103  0.000000e+00
104  0.000000e+00
105  0.000000e+00
106  2.003000e+00
107  7.582000e+00
108  9.706000e+00
109  1.381000e+01
110  9.889000e+00
111  7.063000e+00
112  4.548000e+00
113  0.000000e+00
114  0.000000e+00
115  0.000000e+00
116  0.000000e+00
117  0.000000e+00
118  0.000000e+00
119  4.774000e-02
120  9.637000e+00
121  1.004000e+01
122  7.945000e+01
123  6.068000e+01
124  1.178000e+01
125  2.398000e-02
126  0.000000e+00
127  0.000000e+00
128  0.000000e+00
129  0.000000e+00
130  2.768000e-02
131  2.278000e+00
   4 
11  2.162000e+00
12  1.523000e+01
13  6.950000e+00
14  1.748000e+02
15  1.340000e+02
16  7.676000e+01
17  2.867000e+01
18  8.421000e+00
19  0.000000e+00
20  0.000000e+00
21  0.000000e+00
22  0.000000e+00
23  5.395000e+01
24  1.552000e+01
25  7.156000e+01
26  2.668000e+02
27  2.734000e+02
28  1.095000e+02
29  4.948000e+01
30  8.710000e-05
31  0.000000e+00
32  0.000000e+00
33  0.000000e+00
34  2.312000e-01
35  4.048000e+01
36  3.719000e+01
37  7.382000e+01
38  1.536000e+02
39  9.469000e+01
40  4.735000e+01
41  4.160000e+01
42  1.154000e+00
43  0.000000e+00
44  0.000000e+00
45  0.000000e+00
46  7.602000e-01
47  2.577000e+01
48  6.058000e+01
49  1.669000e+02
50  1.695000e+02
51  1.003000e+02
52  1.458000e+02
53  9.019000e+01
54  2.579000e+00
55  0.000000e+00
56  0.000000e+00
57  6.223000e-02
58  6.906000e+00
59  2.447000e+02
60  9.568000e+01
61  1.037000e+02
62  7.610000e+01
63  1.373000e+01
64  1.177000e+02
65  1.292000e+02
66  6.461000e+01
67  3.934000e+00
68  1.323000e+00
69  7.117000e+00
70  1.726000e+01
71  2.203000e+01
72  2.595000e+01
73  2.653000e+01
74  8.459000e+01
75  6.164000e+01
76  2.493000e+02
77  2.221000e+01
78  2.288000e+00
79  1.470000e-01
80  0.000000e+00
81  1.213000e+00
82  7.835000e+00
83  1.195000e+01
84  1.424000e+01
85  1.419000e+01
86  6.040000e+01
87  1.546000e+01
88  3.469000e+01
89  3.330000e+00
90  0.000000e+00
91  8.834000e-01
92  0.000000e+00
93  0.000000e+00
94  0.000000e+00
95  8.342000e-01
96  4.982000e+00
97  1.392000e+01
98  3.379000e+02
99  3.721000e+02
100  1.852000e+01
101  9.569000e+00
102  0.000000e+00
103  0.000000e+00
104  0.000000e+00
105  0.000000e+00
106  0.000000e+00
107  3.652000e-02
108  1.391000e+00
109  2.373000e+01
110  1.073000e+01
111  1.201000e+01
112  9.899000e+00
113  0.000000e+00
114  0.000000e+00
115  0.000000e+00
116  0.000000e+00
117  0.000000e+00
118  0.000000e+00
119  1.451000e+00
120  2.431000e+01
121  2.097000e+01
122  1.540000e+02
123  1.177000e+02
124  2.773000e+01
125  4.575000e-04
126  0.000000e+00
127  0.000000e+00
128  0.000000e+00
129  0.000000e+00
130  0.000000e+00
131  0.000000e+00
   5 
11  6.723000e+00
12  1.723000e+01
13  8.133000e+00
14  1.404000e+02
15  9.796000e+01
16  7.014000e+01
17  3.547000e+01
18  1.602000e+01
19  5.527000e+00
20  4.284000e+00
21  5.179000e+00
22  7.653000e+00
23  4.742000e+01
24  1.511000e+01
25  6.418000e+01
26  2.186000e+02
27  2.143000e+02
28  1.030000e+02
29  6.456000e+01
30  2.902000e+01
31  2.289000e+01
32  2.099000e+01
33  1.967000e+01
34  1.947000e+01
35  4.652000e+01
36  4.488000e+01
37  6.122000e+01
38  1.253000e+02
39  8.129000e+01
40  5.159000e+01
41  5.143000e+01
42  2.286000e+01
43  1.763000e+01
44  1.549000e+01
45  1.467000e+01
46  1.570000e+01
47  2.493000e+01
48  5.657000e+01
49  1.375000e+02
50  1.561000e+02
51  1.026000e+02
52  1.502000e+02
53  1.174000e+02
54  5.584000e+01
55  4.652000e+01
56  4.077000e+01
57  3.886000e+01
58  3.733000e+01
59  2.083000e+02
60  9.562000e+01
61  1.015000e+02
62  8.072000e+01
63  3.575000e+01
64  1.097000e+02
65  1.331000e+02
66  9.224000e+01
67  5.626000e+01
68  4.958000e+01
69  4.654000e+01
70  4.433000e+01
71  4.125000e+01
72  3.825000e+01
73  3.462000e+01
74  7.104000e+01
75  7.709000e+01
76  2.180000e+02
77  4.863000e+01
78  3.492000e+01
79  2.942000e+01
80  2.523000e+01
81  2.406000e+01
82  2.417000e+01
83  2.330000e+01
84  2.120000e+01
85  1.913000e+01
86  4.604000e+01
87  1.684000e+01
88  2.756000e+01
89  7.658000e+00
90  1.474000e+00
91  7.097000e-01
92  0.000000e+00
93  7.132000e-01
94  2.433000e+00
95  4.919000e+00
96  5.881000e+00
97  1.032000e+01
98  2.498000e+02
99  3.153000e+02
100  3.236000e+01
101  2.478000e+01
102  1.412000e+01
103  1.110000e+01
104  9.188000e+00
105  9.742000e+00
106  1.089000e+01
107  1.133000e+01
108  1.086000e+01
109  1.957000e+01
110  1.533000e+01
111  1.460000e+01
112  1.108000e+01
113  3.010000e-01
114  0.000000e+00
115  0.000000e+00
116  0.000000e+00
117  0.000000e+00
118  1.535000e-01
119  2.459000e+00
120  1.633000e+01
121  1.657000e+01
122  1.145000e+02
123  8.794000e+01
124  2.500000e+01
125  2.237000e+00
126  1.217000e-02
127  0.000000e+00
128  0.000000e+00
129  2.392000e-03
130  1.635000e+00
131  3.304000e+00
   6 
11  7.505000e+00
12  1.719000e+01
13  8.226000e+00
14  2.129000e+02
15  1.908000e+02
16  1.226000e+02
17  5.018000e+01
18  1.689000e+01
19  1.892000e-04
20  0.000000e+00
21  0.000000e+00
22  1.288000e-02
23  7.458000e+01
24  2.663000e+01
25  7.836000e+01
26  3.189000e+02
27  3.526000e+02
28  1.467000e+02
29  7.723000e+01
30  9.410000e+00
31  3.052000e+00
32  2.504000e+00
33  1.853000e+00
34  2.203000e+00
35  5.398000e+01
36  4.041000e+01
37  1.073000e+02
38  1.998000e+02
39  1.342000e+02
40  7.179000e+01
41  7.007000e+01
42  8.052000e+00
43  1.856000e+00
44  2.973000e-01
45  1.833000e-02
46  8.398000e-01
47  4.675000e+01
48  8.053000e+01
49  2.216000e+02
50  2.023000e+02
51  1.576000e+02
52  2.235000e+02
53  1.591000e+02
54  3.262000e+01
55  1.832000e+01
56  1.340000e+01
57  1.186000e+01
58  1.045000e+01
59  3.232000e+02
60  1.052000e+02
61  1.157000e+02
62  9.501000e+01
63  1.741000e+01
64  1.650000e+02
65  2.053000e+02
66  1.122000e+02
67  1.860000e+01
68  1.386000e+01
69  1.343000e+01
70  1.285000e+01
71  1.076000e+01
72  1.107000e+01
73  1.527000e+01
74  9.977000e+01
75  6.612000e+01
76  3.270000e+02
77  4.012000e+01
78  1.067000e+01
79  5.683000e+00
80  2.548000e+00
81  2.560000e+00
82  3.627000e+00
83  3.902000e+00
84  3.205000e+00
85  4.342000e+00
86  6.975000e+01
87  1.762000e+01
88  6.036000e+01
89  8.352000e+00
90  0.000000e+00
91  2.958000e+00
92  0.000000e+00
93  0.000000e+00
94  0.000000e+00
95  7.067000e+00
96  6.288000e+00
97  1.775000e+01
98  4.297000e+02
99  4.618000e+02
100  3.523000e+01
101  2.406000e+01
102  1.198000e+00
103  0.000000e+00
104  0.000000e+00
105  0.000000e+00
106  0.000000e+00
107  0.000000e+00
108  1.847000e-03
109  3.887000e+01
110  1.633000e+01
111  1.734000e+01
112  1.671000e+01
113  0.000000e+00
114  0.000000e+00
115  0.000000e+00
116  0.000000e+00
117  0.000000e+00
118  0.000000e+00
119  7.913000e+00
120  4.059000e+01
121  3.178000e+01
122  2.005000e+02
123  1.733000e+02
124  4.420000e+01
125  7.136000e-02
126  0.000000e+00
127  0.000000e+00
128  0.000000e+00
129  0.000000e+00
130  0.000000e+00
131  4.799000e-02
   7 
11  2.189000e+01
12  2.202000e+01
13  1.109000e+01
14  2.623000e+02
15  2.656000e+02
16  1.615000e+02
17  6.012000e+01
18  2.057000e+01
19  0.000000e+00
20  0.000000e+00
21  0.000000e+00
22  9.986000e-01
23  1.040000e+02
24  4.722000e+01
25  8.539000e+01
26  3.741000e+02
27  4.184000e+02
28  1.876000e+02
29  9.525000e+01
30  4.474000e+00
31  0.000000e+00
32  0.000000e+00
33  0.000000e+00
34  5.627000e-02
35  8.014000e+01
36  4.429000e+01
37  1.364000e+02
38  2.066000e+02
39  1.772000e+02
40  1.020000e+02
41  9.962000e+01
42  5.613000e+00
43  0.000000e+00
44  0.000000e+00
45  0.000000e+00
46  4.612000e-01
47  1.057000e+02
48  1.088000e+02
49  2.512000e+02
50  2.094000e+02
51  1.882000e+02
52  2.675000e+02
53  1.844000e+02
54  1.850000e+01
55  4.151000e-01
56  2.450000e-03
57  2.283000e+00
58  5.394000e+00
59  4.520000e+02
60  1.089000e+02
61  1.267000e+02
62  1.219000e+02
63  1.795000e+01
64  2.229000e+02
65  2.423000e+02
66  1.288000e+02
67  2.014000e+00
68  9.745000e-01
69  3.266000e+00
70  6.116000e+00
71  9.120000e+00
72  1.101000e+01
73  2.611000e+01
74  1.357000e+02
75  9.545000e+01
76  4.182000e+02
77  4.266000e+01
78  5.218000e+00
79  9.271000e-01
80  1.257000e-02
81  9.947000e-01
82  4.059000e+00
83  5.985000e+00
84  6.177000e+00
85  1.171000e+01
86  9.403000e+01
87  3.431000e+01
88  1.134000e+02
89  2.405000e+01
90  8.986000e-02
91  6.855000e+00
92  0.000000e+00
93  0.000000e+00
94  3.133000e-01
95  3.675000e+01
96  1.910000e+01
97  2.819000e+01
98  5.014000e+02
99  5.878000e+02
100  4.692000e+01
101  3.275000e+01
102  1.233000e+00
103  0.000000e+00
104  3.554000e-02
105  0.000000e+00
106  0.000000e+00
107  9.419000e-01
108  2.312000e+00
109  7.000000e+01
110  2.658000e+01
111  2.681000e+01
112  3.241000e+01
113  0.000000e+00
114  0.000000e+00
115  5.634000e-02
116  0.000000e+00
117  0.000000e+00
118  0.000000e+00
119  3.158000e+01
120  5.782000e+01
121  4.687000e+01
122  2.410000e+02
123  2.642000e+02
124  6.679000e+01
125  6.834000e-01
126  0.000000e+00
127  0.000000e+00
128  0.000000e+00
129  0.000000e+00
130  0.000000e+00
131  2.329000e+00
   8 
11  0.000000e+00
12  4.476000e+00
13  1.163000e-01
14  8.032000e+01
15  5.414000e+01
16  9.091000e+01
17  4.675000e+01
18  1.111000e+01
19  0.000000e+00
20  0.000000e+00
21  0.000000e+00
22  0.000000e+00
23  1.764000e+01
24  5.801000e+00
25  3.543000e+01
26  1.309000e+02
27  1.408000e+02
28  1.292000e+02
29  1.440000e+02
30  7.311000e+01
31  2.094000e+01
32  2.574000e+00
33  0.000000e+00
34  0.000000e+00
35  1.437000e+01
36  3.320000e+01
37  3.355000e+01
38  6.893000e+01
39  5.581000e+01
40  5.050000e+01
41  6.833000e+01
42  3.009000e+01
43  4.097000e+00
44  0.000000e+00
45  0.000000e+00
46  0.000000e+00
47  7.805000e-01
48  3.782000e+01
49  1.120000e+02
50  1.289000e+02
51  1.639000e+02
52  1.644000e+02
53  1.827000e+02
54  6.929000e+01
55  1.981000e+01
56  3.798000e-01
57  0.000000e+00
58  0.000000e+00
59  1.134000e+02
60  8.039000e+01
61  6.882000e+01
62  7.550000e+01
63  3.814000e+01
64  8.583000e+01
65  1.927000e+02
66  1.418000e+02
67  6.060000e+01
68  1.872000e+01
69  6.114000e+00
70  3.816000e+00
71  2.279000e+00
72  2.655000e+00
73  5.776000e-01
74  1.600000e+01
75  4.006000e+01
76  1.947000e+02
77  8.299000e+01
78  3.163000e+01
79  6.543000e+00
80  1.878000e-02
81  0.000000e+00
82  0.000000e+00
83  0.000000e+00
84  0.000000e+00
85  0.000000e+00
86  5.158000e+00
87  0.000000e+00
88  2.174000e+00
89  0.000000e+00
90  0.000000e+00
91  0.000000e+00
92  0.000000e+00
93  0.000000e+00
94  0.000000e+00
95  0.000000e+00
96  0.000000e+00
97  6.752000e-01
98  1.115000e+02
99  2.690000e+02
100  1.212000e+02
101  6.254000e+01
102  1.344000e+01
103  3.729000e-03
104  0.000000e+00
105  0.000000e+00
106  0.000000e+00
107  0.000000e+00
108  0.000000e+00
109  2.120000e-02
110  4.415000e-01
111  3.412000e+00
112  5.542000e+00
113  0.000000e+00
114  0.000000e+00
115  0.000000e+00
116  0.000000e+00
117  0.000000e+00
118  0.000000e+00
119  0.000000e+00
120  2.549000e+00
121  4.434000e+00
122  5.377000e+01
123  5.093000e+01
124  4.646000e+01
125  1.671000e+01
126  1.491000e+00
127  0.000000e+00
128  0.000000e+00
129  0.000000e+00
130  0.000000e+00
131  0.000000e+00
