   2 
133  2.117000e+05
134  1.737000e+05
135  4.417000e+04
136  4.417000e+04
137  7.546000e+04
138  3.436000e+04
139  3.436000e+04
140  1.615000e+03
141  3.813000e+00
142  3.813000e+00
143  0.000000e+00
144  1.492000e+04
   3 
133  1.815000e+05
134  7.742000e+05
135  7.368000e+05
136  7.368000e+05
137  4.406000e+05
138  7.955000e+04
139  7.955000e+04
140  4.400000e+05
141  2.068000e+04
142  2.068000e+04
143  2.741000e+04
144  4.980000e+00
   4 
133  1.815000e+05
134  7.742000e+05
135  7.368000e+05
136  5.015000e+05
137  5.165000e+05
138  7.720000e+04
139  5.830000e+05
140  0.000000e+00
141  0.000000e+00
142  8.063000e+05
143  4.400000e+05
144  4.400000e+05
   5 
133  1.815000e+05
134  7.742000e+05
135  7.368000e+05
136  5.015000e+05
137  5.165000e+05
138  7.720000e+04
139  5.830000e+05
140  0.000000e+00
141  0.000000e+00
142  8.063000e+05
143  4.400000e+05
144  2.028000e+05
   2 
133  1.815000e+05
134  7.742000e+05
135  7.368000e+05
136  5.015000e+05
137  5.165000e+05
138  7.720000e+04
139  5.830000e+05
140  0.000000e+00
141  0.000000e+00
142  8.063000e+05
143  4.400000e+05
144  2.028000e+05
   6 
133  1.815000e+05
134  7.742000e+05
135  7.368000e+05
136  5.015000e+05
137  5.165000e+05
138  7.720000e+04
139  5.830000e+05
140  0.000000e+00
141  0.000000e+00
142  8.063000e+05
143  4.400000e+05
144  2.028000e+05
   7 
133  1.815000e+05
134  7.742000e+05
135  7.368000e+05
136  5.015000e+05
137  5.165000e+05
138  7.720000e+04
139  5.830000e+05
140  0.000000e+00
141  0.000000e+00
142  8.063000e+05
143  4.400000e+05
144  2.028000e+05
   8 
133  1.815000e+05
134  7.742000e+05
135  7.368000e+05
136  5.015000e+05
137  5.165000e+05
138  7.720000e+04
139  5.830000e+05
140  0.000000e+00
141  0.000000e+00
142  8.063000e+05
143  4.400000e+05
144  2.028000e+05
   8 
133  1.481000e+04
134  2.793000e+05
135  2.648000e+03
136  1.356000e+04
137  0.000000e+00
138  0.000000e+00
139  0.000000e+00
140  0.000000e+00
141  0.000000e+00
142  0.000000e+00
143  4.305000e+02
144  6.309000e+02
   3 
133  1.764000e+04
134  4.927000e+04
135  3.082000e+02
136  0.000000e+00
137  0.000000e+00
138  0.000000e+00
139  0.000000e+00
140  0.000000e+00
141  0.000000e+00
142  0.000000e+00
143  0.000000e+00
144  0.000000e+00
   4 
133  1.074000e+04
134  1.580000e+05
135  2.558000e+02
136  2.846000e+02
137  0.000000e+00
138  0.000000e+00
139  0.000000e+00
140  0.000000e+00
141  0.000000e+00
142  0.000000e+00
143  0.000000e+00
144  0.000000e+00
   5 
133  8.644000e+03
134  7.866000e+04
135  9.889000e+02
136  0.000000e+00
137  0.000000e+00
138  0.000000e+00
139  0.000000e+00
140  0.000000e+00
141  0.000000e+00
142  0.000000e+00
143  4.320000e+00
144  1.297000e+02
   6 
133  1.481000e+04
134  2.793000e+05
135  2.648000e+03
136  1.356000e+04
137  0.000000e+00
138  0.000000e+00
139  0.000000e+00
140  0.000000e+00
141  0.000000e+00
142  0.000000e+00
143  4.305000e+02
144  6.309000e+02
   7 
133  2.122000e+04
134  4.214000e+05
135  3.593000e+04
136  4.171000e+04
137  6.744000e+02
138  0.000000e+00
139  0.000000e+00
140  0.000000e+00
141  0.000000e+00
142  0.000000e+00
143  4.582000e+03
144  9.872000e+03
   8 
133  2.459000e+03
134  1.731000e+04
135  1.493000e+00
136  0.000000e+00
137  0.000000e+00
138  0.000000e+00
139  0.000000e+00
140  0.000000e+00
141  0.000000e+00
142  0.000000e+00
143  0.000000e+00
144  0.000000e+00
