   1
174.899994
65.410004
19.760000
23.230000
22.330000
32.919998
51.080002
1.206000

   2
390.000000
255.899994
93.620003
172.000000
130.899994
207.399994
261.299988
52.549999

   3
650.700012
424.600006
105.400002
205.300003
156.800003
277.899994
346.299988
77.349998

   4
595.799988
306.799988
36.580002
70.610001
62.389999
115.900002
173.100006
65.800003

   5
140.000000
46.910000
5.615000
7.924000
15.620000
17.420000
24.500000
21.480000

   6
2.024000
1.072000
0.000000
0.000000
3.280000
0.565600
0.773300
0.319100

   7
0.000000
0.000000
0.000000
0.000000
1.255000
0.000000
0.000000
0.000000

   8
0.000000
0.000000
0.000000
0.000000
0.420300
0.000000
0.000000
0.000000

   9
0.000000
0.000000
0.000000
0.000000
1.240000
0.000000
0.000000
0.000000

   10
42.220001
0.000000
0.504300
0.000000
4.537000
0.000000
0.000000
0.000000

   11
176.800003
52.310001
3.332000
1.990000
6.556000
7.235000
21.650000
0.000000

   12
92.379997
30.080000
14.100000
15.030000
17.330000
17.129999
22.680000
4.389000

   13
65.970001
15.200000
8.451000
7.080000
8.480000
8.674000
12.580000
0.151100

   14
673.200012
348.899994
111.300003
174.699997
140.500000
213.199997
265.200012
80.050003

   15
842.599976
452.899994
65.529999
140.300003
101.699997
204.899994
295.000000
56.230000

   16
543.099976
311.799988
46.580002
91.169998
80.449997
152.000000
204.800003
103.300003

   17
198.500000
108.099998
16.700001
30.240000
38.299999
58.029999
70.650002
52.090000

   18
55.029999
32.299999
2.425000
8.074000
16.740000
17.680000
19.959999
10.960000

   19
0.851800
0.000000
0.000000
0.000000
5.604000
0.014800
0.000000
0.000000

   20
0.000000
0.000000
0.000000
0.000000
4.275000
0.000000
0.000000
0.000000

   21
0.000000
0.000000
0.000000
0.000000
5.455000
0.000000
0.000000
0.000000

   22
181.699997
15.900000
1.711000
0.000000
8.654000
0.086960
0.953200
0.000000

   23
237.000000
149.000000
33.740002
53.820000
48.720001
74.709999
104.300003
17.440001

   24
379.500000
140.000000
14.640000
20.309999
18.129999
39.200001
74.470001
5.954000

   25
154.500000
145.899994
70.940002
108.099998
90.180000
129.100006
148.300003
44.369999

   26
673.000000
532.500000
193.699997
317.100006
251.699997
393.500000
470.200012
141.600006

   27
589.299988
446.799988
172.300003
274.200012
216.100006
355.799988
422.700012
146.699997

   28
693.200012
343.600006
83.400002
116.000000
108.400002
158.100006
207.500000
132.199997

   29
452.399994
184.500000
36.410000
49.849998
65.459999
78.900002
99.279999
144.500000

   30
91.610001
12.820000
6.722000
0.000000
28.340000
8.182000
3.854000
71.690002

   31
0.006918
0.000000
0.156700
0.000000
21.809999
1.571000
0.000000
19.290001

   32
9.521000
0.073780
0.430600
0.000000
20.160000
1.215000
0.000000
1.729000

   33
2.625000
0.000000
3.216000
0.000000
19.120001
0.837600
0.000000
0.000000

   34
29.780001
0.256400
9.713000
0.049580
19.219999
1.528000
0.000753
0.000000

   35
341.299988
141.300003
37.509998
40.009998
46.770000
53.590000
80.120003
14.190000

   36
204.699997
69.839996
42.209999
37.130001
45.450001
40.630001
47.560001
33.049999

   37
191.500000
137.300003
48.180000
74.440002
61.959999
110.500000
145.800003
33.490002

   38
366.799988
244.800003
97.239998
156.399994
126.500000
207.600006
221.100006
68.750000

   39
610.299988
315.600006
57.169998
98.820000
83.269997
144.600006
201.600006
55.669998

   40
486.500000
192.199997
32.599998
47.340000
51.330002
73.260002
107.199997
49.849998

   41
482.700012
193.100006
28.430000
42.209999
51.430000
72.580002
107.000000
67.599998

   42
61.610001
17.230000
6.337000
1.172000
21.740000
7.601000
7.534000
28.540001

   43
2.864000
0.000000
0.204600
0.000000
16.320000
0.534600
0.000000
3.081000

   44
3.040000
0.000000
0.049800
0.000000
14.330000
0.000225
0.000000
0.000000

   45
0.756200
0.000000
2.482000
0.000000
13.720000
0.000000
0.000000
0.000000

   46
36.630001
2.157000
9.016000
0.421300
15.200000
0.262800
0.136300
0.000000

   47
991.700012
350.500000
20.200001
31.290001
26.969999
61.389999
139.800003
0.826500

   48
330.200012
176.199997
47.160000
64.279999
60.200001
88.470001
120.800003
43.509998

   49
498.700012
354.200012
109.800003
182.600006
150.800003
249.300003
283.200012
131.699997

   50
347.600006
260.700012
133.600006
185.199997
168.500000
228.199997
234.699997
142.399994

   51
592.799988
319.500000
75.209999
109.099998
110.500000
178.199997
217.699997
174.800003

   52
581.900024
348.500000
102.900002
146.100006
155.899994
228.899994
272.399994
173.699997

   53
433.700012
241.800003
74.139999
89.419998
121.699997
163.300003
187.399994
184.600006

   54
51.790001
22.000000
21.990000
2.082000
58.720001
34.599998
18.410000
67.849998

   55
0.045730
0.000000
10.160000
0.000000
48.549999
18.930000
0.296500
18.250000

   56
0.000000
0.000000
7.343000
0.000000
42.500000
13.420000
0.000000
0.052450

   57
0.014040
0.000000
17.879999
0.001832
40.820000
11.910000
2.317000
0.000000

   58
56.750000
1.503000
28.209999
6.273000
39.720001
10.840000
6.203000
0.000000

   59
1440.000000
775.099976
169.500000
250.300003
213.199997
339.100006
490.100006
113.500000

   60
118.400002
99.769997
85.680000
97.400002
98.459999
106.500000
110.800003
80.290001

   61
167.300003
129.699997
88.180000
105.000000
103.800003
117.099998
130.300003
68.510002

   62
360.100006
180.100006
71.110001
76.489998
82.589996
95.320000
123.699997
75.279999

   63
119.900002
21.370001
29.049999
13.220000
36.720001
17.020000
18.480000
37.470001

   64
794.500000
367.899994
69.949997
118.099998
110.599998
167.500000
231.100006
85.160004

   65
611.500000
316.299988
91.300003
128.100006
132.699997
204.199997
241.699997
191.500000

   66
331.100006
165.899994
57.700001
63.060001
91.400002
110.699997
127.599998
140.399994

   67
0.938500
0.000000
27.360001
2.530000
55.169998
17.059999
0.803000
58.959999

   68
0.000000
0.000000
21.980000
0.270600
48.369999
12.330000
0.079710
17.150000

   69
7.300000
0.000000
29.510000
5.865000
45.790001
12.340000
2.288000
5.019000

   70
5.748000
0.000000
36.830002
16.600000
44.139999
12.200000
5.809000
3.192000

   71
79.010002
12.680000
39.770000
21.650000
41.320000
10.400000
9.266000
1.875000

   72
15.590000
1.975000
41.029999
25.730000
38.570000
10.860000
11.480000
2.500000

   73
132.399994
30.139999
38.500000
26.520000
34.980000
15.250000
26.750000
0.445600

   74
427.700012
187.000000
56.619999
84.449997
71.199997
99.339996
135.699997
15.830000

   75
568.400024
176.800003
66.440002
61.320000
76.959999
66.279999
99.010002
39.520000

   76
950.099976
593.000000
168.699997
248.800003
217.600006
327.700012
424.000000
194.100006

   77
228.100006
70.019997
29.780001
21.200001
47.490002
39.570000
43.970001
81.800003

   78
15.670000
7.042000
14.110000
0.986000
33.520000
9.209000
3.979000
30.010000

   79
6.697000
0.399900
7.956000
0.009186
27.920000
4.147000
0.707000
5.124000

   80
0.000000
0.000000
5.439000
0.000000
23.740000
1.068000
0.000000
0.000000

   81
3.014000
0.000000
9.053000
0.712200
22.969999
1.429000
0.380600
0.000000

   82
65.129997
2.880000
18.209999
7.131000
23.620001
2.974000
3.476000
0.000000

   83
48.700001
5.333000
23.110001
11.640000
23.030001
3.583000
5.902000
0.000000

   84
84.750000
0.248800
23.270000
14.000000
21.070000
3.002000
6.256000
0.000000

   85
97.690002
15.960000
21.170000
13.980000
18.990000
4.123000
11.770000
0.000000

   86
253.800003
168.899994
39.669998
89.470001
61.720001
117.099998
162.899994
7.285000

   87
201.699997
60.270000
13.040000
15.010000
16.480000
17.430000
35.849998
0.000000

   88
486.200012
212.199997
12.140000
34.040001
26.670000
59.619999
112.500000
1.959000

   89
333.899994
83.019997
0.041130
3.122000
6.586000
9.003000
29.129999
0.000000

   90
20.870001
1.943000
0.000000
0.000000
0.441800
0.000000
0.000000
0.000000

   91
100.500000
44.860001
0.012950
1.358000
0.610100
6.784000
19.049999
0.000000

   92
0.000000
0.000000
0.000000
0.000000
0.000000
0.000000
0.000000
0.000000

   93
0.000000
0.000000
0.000000
0.000000
0.058290
0.000000
0.000000
0.000000

   94
55.470001
6.034000
0.000000
0.000000
1.697000
0.000000
0.142100
0.000000

   95
478.399994
126.300003
2.253000
0.579800
4.663000
6.844000
37.630001
0.000000

   96
201.699997
40.099998
4.496000
4.739000
5.748000
6.125000
19.330000
0.000000

   97
42.810001
26.660000
8.159000
13.820000
10.270000
17.680000
28.969999
0.577800

   98
728.400024
598.000000
180.100006
355.200012
256.600006
467.399994
572.299988
112.099998

   99
1138.000000
820.400024
268.399994
392.500000
328.200012
493.899994
630.500000
274.799988

   100
332.700012
115.199997
15.830000
20.510000
33.619999
40.130001
56.660000
124.099998

   101
246.600006
74.230003
6.038000
9.307000
24.250000
23.740000
34.060001
61.680000

   102
9.289000
1.848000
0.002274
0.000000
12.900000
0.987000
1.038000
12.060000

   103
1.663000
0.000000
0.000000
0.000000
9.818000
0.000000
0.000000
0.000000

   104
9.459000
0.230200
0.000000
0.000000
7.961000
0.000000
0.000000
0.000000

   105
0.076820
0.000000
0.000000
0.000000
8.895000
0.000000
0.000000
0.000000

   106
2.719000
0.000000
1.473000
0.000000
10.460000
0.000000
0.000000
0.000000

   107
88.970001
4.058000
7.131000
0.001963
11.300000
0.000000
0.822600
0.000000

   108
27.350000
3.767000
9.438000
1.084000
11.040000
0.000000
2.383000
0.000000

   109
341.899994
124.400002
13.750000
23.660000
19.990000
38.939999
72.309998
0.001777

   110
192.199997
43.919998
9.408000
10.250000
15.070000
15.880000
26.320000
0.258700

   111
134.300003
44.840000
6.637000
11.780000
14.200000
17.090000
26.530001
3.168000

   112
217.500000
69.529999
4.277000
9.638000
10.320000
16.400000
32.040001
4.773000

   113
37.189999
0.000000
0.000000
0.000000
0.001580
0.000000
0.000000
0.000000

   114
0.000000
0.000000
0.000000
0.000000
0.000000
0.000000
0.000000
0.000000

   115
24.980000
2.295000
0.000000
0.000000
0.000000
0.000000
0.000000
0.000000

   116
56.060001
2.740000
0.000000
0.000000
0.000000
0.000000
0.000000
0.000000

   117
0.023310
0.000000
0.000000
0.000000
0.000000
0.000000
0.000000
0.000000

   118
43.279999
0.011830
0.000000
0.000000
0.029250
0.000000
0.000000
0.000000

   119
335.700012
102.099998
0.006144
1.277000
2.163000
7.688000
31.490000
0.000000

   120
127.900002
60.250000
9.447000
24.180000
16.230000
40.439999
57.830002
2.435000

   121
148.600006
64.139999
9.767000
20.700001
16.389999
31.520000
46.720001
4.260000

   122
285.399994
229.899994
79.139999
154.100006
114.199997
202.500000
246.699997
53.439999

   123
939.400024
539.000000
63.110001
133.500000
95.169998
202.800003
316.200012
51.470001

   124
298.000000
121.300003
11.030000
27.110001
24.139999
43.470001
66.089996
45.459999

   125
32.990002
4.703000
0.004255
0.000000
1.325000
0.037670
0.582700
15.450000

   126
2.238000
0.000000
0.000000
0.000000
0.000000
0.000000
0.000000
0.727600

   127
0.000000
0.000000
0.000000
0.000000
0.000000
0.000000
0.000000
0.000000

   128
0.000000
0.000000
0.000000
0.000000
0.000000
0.000000
0.000000
0.000000

   129
31.190001
0.013180
0.000000
0.000000
0.000000
0.000000
0.000000
0.000000

   130
64.940002
3.064000
0.000000
0.000000
1.007000
0.000000
0.000000
0.000000

   131
208.399994
28.139999
1.924000
0.000000
3.031000
0.005585
2.910000
0.000000

   132
349.100006
87.160004
5.472000
11.630000
9.520000
20.889999
40.049999
0.005339

   133
50.279999
21.250000
6.903000
9.251000
9.178000
14.210000
19.900000
1.322000

   134
222.800003
211.300003
30.799999
99.639999
60.480000
156.000000
209.500000
10.670000

   135
191.199997
34.570000
0.080960
0.078640
0.528700
0.659900
6.824000
0.000000

   136
123.500000
29.680000
0.000000
0.000000
0.000000
2.067000
8.111000
0.000000

   137
80.410004
6.799000
0.000000
0.000000
0.000000
0.000000
0.379500
0.000000

   138
1.505000
0.000000
0.000000
0.000000
0.000000
0.000000
0.000000
0.000000

   139
39.279999
0.000000
0.000000
0.000000
0.000000
0.000000
0.000000
0.000000

   140
0.000000
0.000000
0.000000
0.000000
0.000000
0.000000
0.000000
0.000000

   141
0.128000
0.000000
0.000000
0.000000
0.000000
0.000000
0.000000
0.000000

