   1
181500.000000
41300.000000
17640.000000
10740.000000
8644.000000
14810.000000
21220.000000
2459.000000

   2
774200.000000
434700.000000
49270.000000
158000.000000
78660.000000
279300.000000
421400.000000
17310.000000

   3
736800.000000
141700.000000
308.200012
255.800003
988.900024
2648.000000
35930.000000
1.493000

   4
501500.000000
132600.000000
0.000000
284.600006
0.000000
13560.000000
41710.000000
0.000000

   5
516500.000000
14860.000000
0.000000
0.000000
0.000000
0.000000
674.400024
0.000000

   6
77200.000000
0.000000
0.000000
0.000000
0.000000
0.000000
0.000000
0.000000

   7
583000.000000
0.000000
0.000000
0.000000
0.000000
0.000000
0.000000
0.000000

   8
0.000000
0.000000
0.000000
0.000000
0.000000
0.000000
0.000000
0.000000

   9
0.000000
0.000000
0.000000
0.000000
0.000000
0.000000
0.000000
0.000000

   10
806300.000000
0.000000
0.000000
0.000000
0.000000
0.000000
0.000000
0.000000

   11
440000.000000
17010.000000
0.000000
0.000000
4.320000
430.500000
4582.000000
0.000000

   12
202800.000000
26030.000000
0.000000
0.000000
129.699997
630.900024
9872.000000
0.000000

