   1
6.158000
1.053000
0.138500
0.100500
0.154000
0.305600
0.700300
0.029810

   2
12.700000
10.170000
1.794000
4.641000
3.096000
6.834000
9.478000
0.921900

   3
6.204000
1.511000
0.029750
0.198800
0.189900
0.486900
0.836400
0.026790

   4
16.070000
7.396000
1.165000
2.404000
1.841000
3.472000
4.879000
0.880100

   5
1.281000
0.071400
0.020940
0.024810
0.161700
0.132300
0.141100
0.021960

   6
0.189800
0.000379
0.003473
0.002380
0.127800
0.078310
0.095220
0.003905

   7
0.160400
0.000000
0.000131
0.000023
0.107900
0.053790
0.083380
0.000182

   8
0.136600
0.000000
0.000000
0.000000
0.093270
0.037350
0.075350
0.000000

   9
0.118100
0.000000
0.000000
0.000000
0.082700
0.026910
0.070080
0.000000

   10
0.786000
0.001560
0.001943
0.001916
0.079600
0.025430
0.071380
0.001968

   11
1.642000
0.039340
0.005873
0.005844
0.076340
0.024450
0.071800
0.005909

   12
4.520000
0.476700
0.011340
0.011320
0.074160
0.025190
0.086730
0.011370

   13
3.473000
0.439300
0.019660
0.013030
0.068840
0.041170
0.221600
0.012980

   14
8.170000
1.376000
0.012380
0.012440
0.064180
0.075100
0.432400
0.012410

   15
17.600000
6.973000
0.462200
1.414000
0.939800
2.529000
4.051000
0.462000

   16
15.600000
8.480000
1.109000
2.634000
2.481000
4.569000
5.558000
3.016000

   17
6.244000
2.422000
0.107000
0.501400
1.047000
1.773000
1.583000
1.613000

   18
0.243000
0.005967
0.016320
0.013910
0.732700
0.697300
0.181400
0.298700

   19
0.203100
0.000000
0.002147
0.001352
0.640900
0.517400
0.158600
0.002405

   20
0.173100
0.000000
0.000000
0.000000
0.565900
0.385100
0.144100
0.000000

   21
0.150400
0.000000
0.000000
0.000000
0.504100
0.290100
0.134300
0.000000

   22
1.955000
0.008108
0.007854
0.004148
0.456600
0.225800
0.132500
0.004221

   23
0.415200
0.006732
0.196000
0.007501
0.411400
0.175300
0.127400
0.007573

   24
15.640000
6.297000
0.362000
0.688700
0.567600
1.774000
3.426000
0.042050

   25
8.697000
8.561000
2.768000
5.188000
3.943000
6.745000
8.368000
1.550000

   26
15.130000
12.150000
3.352000
7.136000
5.126000
9.997000
12.880000
2.067000

   27
2.841000
0.516400
0.221400
0.033300
0.311700
0.227000
0.367800
1.250000

   28
11.610000
4.950000
0.716800
1.467000
1.423000
2.040000
2.916000
0.889300

   29
6.089000
1.406000
0.077640
0.321900
0.490400
0.586400
0.813900
0.355100

   30
2.234000
0.127400
0.014270
0.012200
0.275900
0.102300
0.132800
0.015090

   31
0.175500
0.000177
0.001876
0.001275
0.234800
0.068430
0.108500
0.002133

   32
0.150200
0.000008
0.000062
0.000042
0.206000
0.048760
0.098430
0.000075

   33
0.130200
0.000000
0.000011
0.000007
0.183300
0.036130
0.091540
0.000017

   34
0.114000
0.000002
0.000027
0.000018
0.164600
0.028020
0.086540
0.000028

   35
1.073000
0.002639
0.003945
0.003137
0.151200
0.025510
0.085110
0.003192

   36
5.023000
1.114000
0.144400
0.013910
0.145800
0.037800
0.299200
0.013950

   37
3.634000
1.444000
0.151000
0.083160
0.128600
0.438300
1.169000
0.009991

   38
4.001000
2.588000
0.061530
0.456000
0.226900
1.143000
2.238000
0.011290

   39
15.140000
5.880000
0.119700
0.994200
0.534200
1.927000
3.331000
0.037130

   40
7.633000
1.951000
0.027700
0.184300
0.141100
0.540600
1.015000
0.027890

   41
8.842000
2.396000
0.086250
0.420400
0.308300
0.802200
1.319000
0.036910

   42
3.554000
0.819600
0.022260
0.085830
0.110600
0.282000
0.502600
0.022380

   43
0.168900
0.001803
0.005057
0.004557
0.079640
0.058520
0.085820
0.005111

   44
0.142600
0.000000
0.000204
0.000133
0.065360
0.039410
0.074870
0.000213

   45
0.122900
0.000000
0.000000
0.000000
0.056890
0.028250
0.068680
0.000000

   46
1.790000
0.134600
0.000944
0.000931
0.053330
0.023700
0.066770
0.000946

   47
23.530001
8.549000
0.108000
0.988700
0.382400
2.254000
4.411000
0.056790

   48
6.483000
2.471000
0.457600
0.707300
0.727700
1.286000
1.545000
1.033000

   49
10.930000
5.991000
1.514000
2.418000
2.230000
4.616000
4.382000
4.276000

   50
5.203000
3.608000
1.217000
2.010000
1.897000
3.777000
3.411000
3.051000

   51
11.850000
5.814000
0.898000
1.395000
1.692000
3.024000
3.630000
2.793000

   52
4.749000
1.277000
0.732200
0.350900
1.639000
1.385000
1.001000
2.628000

   53
3.215000
0.660400
0.375700
0.127000
1.458000
1.263000
0.762200
0.939500

   54
0.240400
0.001063
0.028170
0.005687
1.284000
1.016000
0.494700
0.037790

   55
0.203100
0.000000
0.000228
0.000088
1.138000
0.761500
0.453600
0.000288

   56
0.173700
0.000000
0.000000
0.000000
1.010000
0.569600
0.419400
0.000000

   57
0.151700
0.000000
0.021550
0.000001
0.901500
0.430500
0.391600
0.000004

   58
0.556500
0.002373
0.305600
0.002610
0.809600
0.330500
0.370300
0.002980

   59
22.190001
8.880000
0.530200
0.913400
0.968800
2.235000
4.706000
0.047300

   60
0.487300
0.023660
0.552900
0.429200
0.682600
0.256000
0.360700
0.033580

   61
3.211000
0.799500
0.453600
0.368300
0.600100
0.322600
0.666400
0.022380

   62
2.075000
0.322500
0.295800
0.203600
0.554400
0.165400
0.414200
0.018100

   63
1.598000
0.008908
0.066250
0.016230
0.473500
0.113200
0.280700
0.010590

   64
9.803000
2.659000
0.015960
0.273900
0.490300
0.749200
1.550000
0.015340

   65
2.602000
0.036400
0.018890
0.018090
0.388600
0.087380
0.256200
0.018920

   66
0.200800
0.002178
0.004871
0.004465
0.334500
0.056600
0.226600
0.004886

   67
0.124900
0.000000
0.000090
0.000046
0.291700
0.036930
0.204700
0.000092

   68
0.104200
0.000000
0.000000
0.000000
0.255500
0.023210
0.186400
0.000000

   69
0.918000
0.000067
0.000159
0.000141
0.229900
0.018730
0.175900
0.000161

   70
0.095170
0.000409
0.001177
0.001059
0.209300
0.017920
0.168200
0.001186

   71
0.081550
0.000536
0.001314
0.001198
0.187100
0.014040
0.156900
0.001323

   72
0.069110
0.001298
0.014880
0.001868
0.167500
0.011460
0.146600
0.001975

   73
2.534000
0.016700
0.058960
0.007900
0.155500
0.015230
0.142600
0.008003

   74
1.339000
0.004011
0.018490
0.004457
0.136200
0.009909
0.129900
0.004546

   75
10.190000
1.697000
0.026260
0.028880
0.143800
0.137100
0.587900
0.026270

   76
10.250000
2.545000
0.034310
0.068370
0.139100
0.365600
1.096000
0.034310

   77
4.452000
1.018000
0.023310
0.037730
0.116900
0.191100
0.532400
0.023310

   78
0.147700
0.003905
0.006777
0.006647
0.090120
0.036120
0.117800
0.006781

   79
0.121000
0.000000
0.000091
0.000079
0.071270
0.019160
0.100800
0.000091

   80
0.101400
0.000000
0.000000
0.000000
0.059470
0.010080
0.090150
0.000000

   81
0.255600
0.000027
0.000061
0.000059
0.054470
0.008123
0.085700
0.000062

   82
1.512000
0.004089
0.003272
0.003246
0.055800
0.012720
0.087210
0.003274

   83
2.292000
0.012100
0.009381
0.009343
0.056370
0.016660
0.087670
0.009384

   84
1.278000
0.008812
0.009167
0.009133
0.051040
0.014630
0.082000
0.009170

   85
0.307300
0.006560
0.006874
0.006843
0.044150
0.010900
0.074580
0.006876

   86
8.574000
6.466000
0.414500
1.956000
1.036000
3.324000
5.272000
0.140700

   87
3.365000
0.830400
0.015200
0.015220
0.050400
0.089680
0.438900
0.015230

   88
1.260000
0.029430
0.005883
0.005760
0.037090
0.027800
0.072700
0.005906

   89
9.164000
2.943000
0.009195
0.035210
0.037060
0.368400
1.208000
0.009214

   90
1.292000
0.146400
0.012440
0.012190
0.037440
0.049740
0.082260
0.012460

   91
6.460000
3.008000
0.015250
0.073330
0.037990
0.417800
1.283000
0.015270

   92
0.117300
0.001074
0.002720
0.002606
0.022610
0.046370
0.072470
0.002735

   93
0.101900
0.000104
0.000456
0.000415
0.017930
0.033100
0.065460
0.000463

   94
0.087950
0.000021
0.000176
0.000147
0.015770
0.024720
0.060860
0.000181

   95
8.346000
0.854800
0.024620
0.024530
0.039230
0.044010
0.191200
0.024630

   96
1.495000
0.017650
0.018880
0.018810
0.031680
0.033320
0.075440
0.018900

   97
0.750900
0.057180
0.010720
0.010650
0.022090
0.023580
0.087250
0.010730

   98
23.549999
12.270000
0.479900
3.079000
1.426000
5.788000
9.612000
0.078490

   99
12.240000
7.397000
1.324000
3.229000
2.345000
4.663000
5.871000
1.521000

   100
8.019000
2.749000
0.148300
0.624900
0.709000
1.128000
1.643000
1.086000

   101
4.116000
0.744700
0.023200
0.059580
0.357200
0.284800
0.462000
0.163900

   102
0.328700
0.004003
0.008946
0.007340
0.304600
0.098350
0.089650
0.009362

   103
0.504000
0.000206
0.001588
0.001115
0.265000
0.069550
0.078130
0.001718

   104
0.670800
0.034700
0.000813
0.000642
0.234500
0.051290
0.071860
0.000861

   105
0.138700
0.000000
0.000009
0.000003
0.207800
0.037480
0.065920
0.000011

   106
0.439200
0.000618
0.001072
0.001000
0.187700
0.030340
0.063870
0.001086

   107
0.868500
0.067680
0.004976
0.004902
0.171900
0.027580
0.064010
0.004989

   108
0.553900
0.004559
0.005020
0.004968
0.153800
0.021990
0.059880
0.005027

   109
6.637000
1.128000
0.017460
0.017420
0.149800
0.030750
0.225400
0.017460

   110
1.297000
0.015250
0.015160
0.015120
0.138100
0.025640
0.070600
0.015160

   111
0.823600
0.006140
0.007036
0.007006
0.113100
0.014740
0.056970
0.007039

   112
2.541000
0.005855
0.006098
0.006071
0.100600
0.011930
0.052600
0.006102

   113
0.304900
0.000935
0.001221
0.001204
0.084660
0.004906
0.043660
0.001222

   114
0.086580
0.000000
0.000000
0.000000
0.068780
0.000010
0.033910
0.000000

   115
0.090790
0.000000
0.000000
0.000000
0.059160
0.000019
0.029640
0.000000

   116
0.205200
0.000000
0.000000
0.000000
0.051610
0.000000
0.026790
0.000000

   117
0.058690
0.000000
0.000000
0.000000
0.047720
0.000000
0.026930
0.000000

   118
0.660400
0.000070
0.000082
0.000081
0.044500
0.000229
0.027280
0.000082

   119
4.092000
0.406000
0.011330
0.011320
0.053760
0.012140
0.049490
0.011330

   120
0.182000
0.008411
0.008691
0.008678
0.046430
0.009267
0.035840
0.008692

   121
2.466000
0.078080
0.010670
0.010660
0.044310
0.011110
0.036020
0.010680

   122
1.224000
0.438300
0.005217
0.054650
0.035250
0.258500
0.662700
0.005218

   123
20.070000
10.610000
0.640700
2.590000
1.442000
4.280000
6.705000
0.210600

   124
3.627000
0.186900
0.034650
0.031250
0.064440
0.048570
0.065200
0.035560

   125
2.039000
0.229100
0.018080
0.016530
0.045250
0.030480
0.076450
0.018490

   126
0.256100
0.002185
0.004916
0.004260
0.029030
0.014710
0.029430
0.005086

   127
0.071890
0.000000
0.000010
0.000005
0.017160
0.003403
0.019280
0.000012

   128
0.060060
0.000000
0.000000
0.000000
0.012550
0.000332
0.015750
0.000000

   129
0.533800
0.000000
0.000000
0.000000
0.012020
0.000144
0.015930
0.000000

   130
0.629600
0.001162
0.001596
0.001538
0.017110
0.004997
0.021500
0.001604

   131
5.037000
0.694300
0.012840
0.012770
0.026850
0.015550
0.094270
0.012850

   132
6.893000
1.543000
0.020330
0.030590
0.032700
0.187900
0.591700
0.020340

   133
0.491600
0.022070
0.025190
0.025090
0.036270
0.031760
0.043640
0.025200

   134
0.113000
0.010160
0.012010
0.011940
0.022180
0.017310
0.030260
0.012020

   135
4.407000
0.511500
0.007650
0.007599
0.016510
0.011640
0.074920
0.007653

   136
1.642000
0.009405
0.006951
0.006912
0.014800
0.009960
0.024820
0.006954

   137
1.965000
0.007160
0.005469
0.005439
0.012440
0.007724
0.022210
0.005471

   138
0.095230
0.000000
0.000000
0.000000
0.001971
0.000136
0.010720
0.000000

   139
0.078930
0.000000
0.000000
0.000000
0.000037
0.000000
0.006592
0.000000

   140
0.065550
0.000000
0.000000
0.000000
0.000000
0.000000
0.003832
0.000000

   141
0.129600
0.000000
0.000000
0.000000
0.000011
0.000000
0.005979
0.000000

