   1
160.699997
52.070000
3.692000
2.162000
6.723000
7.505000
21.889999
0.000000

   2
47.790001
23.040001
14.140000
15.230000
17.230000
17.190001
22.020000
4.476000

   3
29.920000
10.760000
8.378000
6.950000
8.133000
8.226000
11.090000
0.116300

   4
596.000000
332.200012
111.300003
174.800003
140.399994
212.899994
262.299988
80.320000

   5
681.000000
388.799988
63.950001
134.000000
97.959999
190.800003
265.600006
54.139999

   6
412.299988
241.399994
42.660000
76.760002
70.139999
122.599998
161.500000
90.910004

   7
145.699997
88.110001
17.059999
28.670000
35.470001
50.180000
60.119999
46.750000

   8
55.080002
33.060001
2.717000
8.421000
16.020000
16.889999
20.570000
11.110000

   9
1.006000
0.000000
0.000000
0.000000
5.527000
0.000189
0.000000
0.000000

   10
0.000000
0.000000
0.000000
0.000000
4.284000
0.000000
0.000000
0.000000

   11
0.000000
0.000000
0.000000
0.000000
5.179000
0.000000
0.000000
0.000000

   12
164.399994
16.209999
2.002000
0.000000
7.653000
0.012880
0.998600
0.000000

   13
234.100006
149.399994
33.389999
53.950001
47.419998
74.580002
104.000000
17.639999

   14
237.399994
80.589996
12.800000
15.520000
15.110000
26.629999
47.220001
5.801000

   15
89.650002
82.849998
53.810001
71.559998
64.180000
78.360001
85.389999
35.430000

   16
550.700012
433.799988
174.199997
266.799988
218.600006
318.899994
374.100006
130.899994

   17
559.400024
443.000000
171.500000
273.399994
214.300003
352.600006
418.399994
140.800003

   18
592.299988
301.000000
81.000000
109.500000
103.000000
146.699997
187.600006
129.199997

   19
396.100006
172.699997
36.970001
49.480000
64.559998
77.230003
95.250000
144.000000

   20
71.980003
12.660000
8.013000
0.000087
29.020000
9.410000
4.474000
73.110001

   21
0.010480
0.000000
1.004000
0.000000
22.889999
3.052000
0.000000
20.940001

   22
9.623000
0.226700
1.386000
0.000000
20.990000
2.504000
0.000000
2.574000

   23
2.768000
0.010870
4.283000
0.000000
19.670000
1.853000
0.000000
0.000000

   24
29.760000
0.447900
10.350000
0.231200
19.469999
2.203000
0.056270
0.000000

   25
335.000000
141.800003
37.590000
40.480000
46.520000
53.980000
80.139999
14.370000

   26
155.399994
57.290001
41.770000
37.189999
44.880001
40.410000
44.290001
33.200001

   27
157.399994
126.500000
47.470001
73.820000
61.220001
107.300003
136.399994
33.549999

   28
321.899994
227.199997
97.000000
153.600006
125.300003
199.800003
206.600006
68.930000

   29
472.799988
260.500000
56.959999
94.690002
81.290001
134.199997
177.199997
55.810001

   30
420.200012
175.500000
33.270000
47.349998
51.590000
71.790001
102.000000
50.500000

   31
400.899994
170.800003
29.389999
41.599998
51.430000
70.070000
99.620003
68.330002

   32
29.940001
9.899000
7.663000
1.154000
22.860001
8.052000
5.613000
30.090000

   33
3.071000
0.000000
1.442000
0.000000
17.629999
1.856000
0.000000
4.097000

   34
3.343000
0.000000
0.908100
0.000000
15.490000
0.297300
0.000000
0.000000

   35
0.835700
0.000000
3.714000
0.000000
14.670000
0.018330
0.000000
0.000000

   36
21.200001
1.003000
9.722000
0.760200
15.700000
0.839800
0.461200
0.000000

   37
774.099976
270.399994
19.600000
25.770000
24.930000
46.750000
105.699997
0.780500

   38
271.500000
153.300003
44.720001
60.580002
56.570000
80.529999
108.800003
37.820000

   39
403.500000
303.799988
101.000000
166.899994
137.500000
221.600006
251.199997
112.000000

   40
307.299988
232.899994
126.500000
169.500000
156.100006
202.300003
209.399994
128.899994

   41
488.000000
268.500000
71.919998
100.300003
102.599998
157.600006
188.199997
163.899994

   42
543.400024
338.600006
101.099998
145.800003
150.199997
223.500000
267.500000
164.399994

   43
402.600006
235.899994
74.220001
90.190002
117.400002
159.100006
184.399994
182.699997

   44
51.810001
22.590000
23.190001
2.579000
55.840000
32.619999
18.500000
69.290001

   45
0.032130
0.000000
11.500000
0.000000
46.520000
18.320000
0.415100
19.809999

   46
0.000000
0.000000
8.676000
0.000000
40.770000
13.400000
0.002450
0.379800

   47
0.005351
0.000000
18.660000
0.062230
38.860001
11.860000
2.283000
0.000000

   48
51.509998
1.777000
27.900000
6.906000
37.330002
10.450000
5.394000
0.000000

   49
1239.000000
690.200012
167.000000
244.699997
208.300003
323.200012
452.000000
113.400002

   50
113.800003
99.839996
83.459999
95.680000
95.620003
105.199997
108.900002
80.389999

   51
136.000000
121.900002
86.559998
103.699997
101.500000
115.699997
126.699997
68.820000

   52
339.299988
176.800003
70.330002
76.099998
80.720001
95.010002
121.900002
75.500000

   53
103.400002
21.650000
29.510000
13.730000
35.750000
17.410000
17.950001
38.139999

   54
702.900024
344.500000
70.550003
117.699997
109.699997
165.000000
222.899994
85.830002

   55
585.000000
317.100006
92.449997
129.199997
133.100006
205.300003
242.300003
192.699997

   56
331.399994
167.000000
59.189999
64.610001
92.239998
112.199997
128.800003
141.800003

   57
1.153000
0.000000
29.000000
3.934000
56.259998
18.600000
2.014000
60.599998

   58
0.000000
0.000000
23.510000
1.323000
49.580002
13.860000
0.974500
18.719999

   59
2.300000
0.000000
30.570000
7.117000
46.540001
13.430000
3.266000
6.114000

   60
5.539000
0.001185
37.500000
17.260000
44.330002
12.850000
6.116000
3.816000

   61
78.730003
12.910000
40.150002
22.030001
41.250000
10.760000
9.120000
2.279000

   62
15.090000
2.094000
41.180000
25.950001
38.250000
11.070000
11.010000
2.655000

   63
107.699997
30.040001
38.509998
26.530001
34.619999
15.270000
26.110001
0.577600

   64
412.600006
187.300003
56.869999
84.589996
71.040001
99.769997
135.699997
16.000000

   65
465.299988
156.399994
66.839996
61.639999
77.089996
66.120003
95.449997
40.060001

   66
853.200012
567.500000
169.399994
249.300003
218.000000
327.000000
418.200012
194.699997

   67
188.399994
62.169998
31.020000
22.209999
48.630001
40.119999
42.660000
82.989998

   68
16.500000
7.396000
15.610000
2.288000
34.919998
10.670000
5.218000
31.629999

   69
7.326000
0.459700
9.527000
0.147000
29.420000
5.683000
0.927100
6.543000

   70
0.000000
0.000000
6.960000
0.000000
25.230000
2.548000
0.012570
0.018780

   71
1.061000
0.000000
10.220000
1.213000
24.059999
2.560000
0.994700
0.000000

   72
53.250000
3.070000
18.830000
7.835000
24.170000
3.627000
4.059000
0.000000

   73
25.389999
4.980000
23.430000
11.950000
23.299999
3.902000
5.985000
0.000000

   74
71.330002
0.348400
23.500000
14.240000
21.200001
3.205000
6.177000
0.000000

   75
95.129997
16.250000
21.350000
14.190000
19.129999
4.342000
11.710000
0.000000

   76
167.600006
99.550003
32.959999
60.400002
46.040001
69.750000
94.029999
5.158000

   77
169.199997
53.049999
13.450000
15.460000
16.840000
17.620001
34.310001
0.000000

   78
474.500000
212.899994
12.650000
34.689999
27.559999
60.360001
113.400002
2.174000

   79
250.699997
58.990002
0.202600
3.330000
7.658000
8.352000
24.049999
0.000000

   80
10.360000
0.907900
0.000000
0.000000
1.474000
0.000000
0.089860
0.000000

   81
38.029999
14.610000
0.018880
0.883400
0.709700
2.958000
6.855000
0.000000

   82
0.000000
0.000000
0.000000
0.000000
0.000000
0.000000
0.000000
0.000000

   83
0.000000
0.000000
0.000000
0.000000
0.713200
0.000000
0.000000
0.000000

   84
55.610001
6.289000
0.000149
0.000000
2.433000
0.000000
0.313300
0.000000

   85
396.299988
116.000000
2.587000
0.834200
4.919000
7.067000
36.750000
0.000000

   86
184.699997
40.209999
4.698000
4.982000
5.881000
6.288000
19.100000
0.000000

   87
33.750000
26.190001
8.269000
13.920000
10.320000
17.750000
28.190001
0.675200

   88
519.700012
488.200012
177.600006
337.899994
249.800003
429.700012
501.399994
111.500000

   89
1037.000000
760.000000
262.100006
372.100006
315.299988
461.799988
587.799988
269.000000

   90
262.700012
92.239998
16.389999
18.520000
32.360001
35.230000
46.919998
121.199997

   91
211.600006
68.080002
7.066000
9.569000
24.780001
24.059999
32.750000
62.540001

   92
8.080000
2.077000
0.092300
0.000000
14.120000
1.198000
1.233000
13.440000

   93
0.080600
0.000000
0.000000
0.000000
11.100000
0.000000
0.000000
0.003729

   94
2.645000
0.160400
0.000000
0.000000
9.188000
0.000000
0.035540
0.000000

   95
0.182000
0.000000
0.000000
0.000000
9.742000
0.000000
0.000000
0.000000

   96
0.838700
0.000000
2.003000
0.000000
10.890000
0.000000
0.000000
0.000000

   97
79.059998
3.770000
7.582000
0.036520
11.330000
0.000000
0.941900
0.000000

   98
23.740000
3.831000
9.706000
1.391000
10.860000
0.001847
2.312000
0.000000

   99
276.399994
111.000000
13.810000
23.730000
19.570000
38.869999
70.000000
0.021200

   100
178.399994
44.020000
9.889000
10.730000
15.330000
16.330000
26.580000
0.441500

   101
127.500000
45.110001
7.063000
12.010000
14.600000
17.340000
26.809999
3.412000

   102
191.699997
69.860001
4.548000
9.899000
11.080000
16.709999
32.410000
5.542000

   103
34.660000
0.000000
0.000000
0.000000
0.301000
0.000000
0.000000
0.000000

   104
0.000000
0.000000
0.000000
0.000000
0.000000
0.000000
0.000000
0.000000

   105
25.299999
2.605000
0.000000
0.000000
0.000000
0.000000
0.056340
0.000000

   106
56.139999
3.242000
0.000000
0.000000
0.000000
0.000000
0.000000
0.000000

   107
0.043420
0.000000
0.000000
0.000000
0.000000
0.000000
0.000000
0.000000

   108
39.790001
0.099350
0.000000
0.000000
0.153500
0.000000
0.000000
0.000000

   109
295.200012
97.070000
0.047740
1.451000
2.459000
7.913000
31.580000
0.000000

   110
126.099998
60.380001
9.637000
24.309999
16.330000
40.590000
57.820000
2.549000

   111
122.199997
62.480000
10.040000
20.969999
16.570000
31.780001
46.869999
4.434000

   112
271.299988
224.899994
79.449997
154.000000
114.500000
200.500000
241.000000
53.770000

   113
765.900024
444.799988
60.680000
117.699997
87.940002
173.300003
264.200012
50.930000

   114
261.000000
119.500000
11.780000
27.730000
25.000000
44.200001
66.790001
46.459999

   115
14.890000
2.435000
0.023980
0.000457
2.237000
0.071360
0.683400
16.709999

   116
0.512800
0.000000
0.000000
0.000000
0.012170
0.000000
0.000000
1.491000

   117
0.000000
0.000000
0.000000
0.000000
0.000000
0.000000
0.000000
0.000000

   118
0.000000
0.000000
0.000000
0.000000
0.000000
0.000000
0.000000
0.000000

   119
29.379999
0.195700
0.000000
0.000000
0.002392
0.000000
0.000000
0.000000

   120
61.070000
3.308000
0.027680
0.000000
1.635000
0.000000
0.000000
0.000000

   121
159.000000
20.450001
2.278000
0.000000
3.304000
0.047990
2.329000
0.000000

