Stname  observed          L95PPU          U95PPU        Best_Sim
FLOW_OUT_1     1.380000        0.040072        5.739258        0.325200       
FLOW_OUT_1     1.890000        1.224405        11.474330       1.169000       
FLOW_OUT_1     5.200000        0.042394        5.756016        0.286700       
FLOW_OUT_1     6.730000        1.143335        14.994622       1.106000       
FLOW_OUT_1     2.710000        0.023404        1.162106        0.392800       
FLOW_OUT_1     0.140000        0.001948        0.324645        0.349000       
FLOW_OUT_1     0.030000        0.000795        0.295740        0.318000       
FLOW_OUT_1     0.000000        0.000732        0.272211        0.292700       
FLOW_OUT_1     0.000000        0.000544        0.253053        0.272100       
FLOW_OUT_1     0.190000        0.003104        0.743194        0.259200       
FLOW_OUT_1     0.840000        0.008388        1.542334        0.244500       
FLOW_OUT_1     1.420000        0.018889        4.223924        0.232800       
FLOW_OUT_1     1.040000        0.018792        3.244750        0.218800       
FLOW_OUT_1     1.020000        0.025122        7.333890        0.203800       
FLOW_OUT_1     9.850000        0.492925        16.380907       0.450100       
FLOW_OUT_1     11.070000       1.253830        14.546760       1.218000       
FLOW_OUT_1     1.770000        0.259676        5.778486        0.819000       
FLOW_OUT_1     0.160000        0.011002        0.697466        0.741400       
FLOW_OUT_1     0.080000        0.001884        0.628601        0.675900       
FLOW_OUT_1     0.000000        0.001558        0.579669        0.623300       
FLOW_OUT_1     0.000000        0.001449        0.538935        0.579500       
FLOW_OUT_1     0.190000        0.007893        1.827728        0.546400       
FLOW_OUT_1     0.560000        0.008974        0.477042        0.512400       
FLOW_OUT_1     2.200000        0.321039        14.584122       0.511700       
FLOW_OUT_1     1.510000        2.058140        8.324540        1.991000       
FLOW_OUT_1     1.730000        2.375095        14.232672       2.311000       
FLOW_OUT_1     6.920000        0.038833        2.636918        0.680400       
FLOW_OUT_1     28.280001       0.744806        10.838232       1.030000       
FLOW_OUT_1     18.370001       0.092112        5.654219        0.694300       
FLOW_OUT_1     4.150000        0.016596        2.065453        0.637000       
FLOW_OUT_1     0.110000        0.002128        0.539541        0.580100       
FLOW_OUT_1     0.010000        0.001098        0.498203        0.535700       
FLOW_OUT_1     0.160000        0.000998        0.463140        0.498000       
FLOW_OUT_1     0.920000        0.000940        0.432079        0.464600       
FLOW_OUT_1     1.850000        0.004814        1.020419        0.436800       
FLOW_OUT_1     2.040000        0.022292        4.696543        0.417300       
FLOW_OUT_1     1.800000        0.022954        3.385030        0.384800       
FLOW_OUT_1     2.170000        0.024547        3.576674        0.360500       
FLOW_OUT_1     10.310000       0.152737        14.041771       0.363000       
FLOW_OUT_1     32.169998       0.042811        7.068076        0.331600       
FLOW_OUT_1     17.639999       0.101304        8.186152        0.319600       
FLOW_OUT_1     2.860000        0.029248        3.280737        0.285700       
FLOW_OUT_1     0.150000        0.003767        0.232534        0.249800       
FLOW_OUT_1     0.100000        0.000573        0.208321        0.224000       
FLOW_OUT_1     0.110000        0.000518        0.192603        0.207100       
FLOW_OUT_1     0.690000        0.004494        1.682432        0.195300       
FLOW_OUT_1     3.670000        0.155782        21.909124       0.238300       
FLOW_OUT_1     4.090000        0.443499        6.045228        0.428400       
FLOW_OUT_1     12.840000       1.216875        10.813750       1.165000       
FLOW_OUT_1     5.680000        1.088860        4.755980        1.049000       
FLOW_OUT_1     30.340000       1.102835        11.058622       1.076000       
FLOW_OUT_1     21.820000       0.475181        4.412073        1.372000       
FLOW_OUT_1     4.240000        0.189458        2.957875        1.281000       
FLOW_OUT_1     0.670000        0.006944        1.094822        1.177000       
FLOW_OUT_1     0.160000        0.002722        1.010910        1.087000       
FLOW_OUT_1     0.080000        0.002517        0.936510        1.007000       
FLOW_OUT_1     0.270000        0.002346        0.872805        0.938500       
FLOW_OUT_1     0.970000        0.005058        0.813993        0.875100       
FLOW_OUT_1     6.450000        0.419967        20.681641       0.853700       
FLOW_OUT_1     1.110000        0.035532        0.731264        0.784200       
FLOW_OUT_1     0.890000        0.250856        3.014534        0.719900       
FLOW_OUT_1     2.050000        0.083403        1.880447        0.668000       
FLOW_OUT_1     6.180000        0.011564        1.502572        0.617400       
FLOW_OUT_1     10.860000       0.035486        9.114184        0.579900       
FLOW_OUT_1     5.540000        0.020213        2.417254        0.544400       
FLOW_OUT_1     7.060000        0.004510        0.459371        0.493700       
FLOW_OUT_1     0.200000        0.000905        0.420918        0.452600       
FLOW_OUT_1     0.000000        0.000833        0.387438        0.416600       
FLOW_OUT_1     0.090000        0.001674        0.876532        0.390000       
FLOW_OUT_1     1.070000        0.001492        0.341735        0.367400       
FLOW_OUT_1     1.650000        0.001583        0.318309        0.342200       
FLOW_OUT_1     1.980000        0.002254        0.296876        0.319100       
FLOW_OUT_1     1.930000        0.011907        2.381336        0.302900       
FLOW_OUT_1     2.980000        0.006501        1.265097        0.279100       
FLOW_OUT_1     4.750000        0.043130        9.478534        0.282000       
FLOW_OUT_1     17.879999       0.051250        9.525597        0.272300       
FLOW_OUT_1     9.790000        0.030616        4.128038        0.244900       
FLOW_OUT_1     0.850000        0.005974        0.198286        0.212800       
FLOW_OUT_1     1.090000        0.000478        0.175491        0.188700       
FLOW_OUT_1     0.050000        0.000343        0.159588        0.171600       
FLOW_OUT_1     0.000000        0.000585        0.250173        0.161300       
FLOW_OUT_1     1.040000        0.005699        1.421261        0.157500       
FLOW_OUT_1     1.980000        0.012504        2.145226        0.153100       
FLOW_OUT_1     1.950000        0.011170        1.201262        0.142900       
FLOW_OUT_1     1.840000        0.007278        0.299189        0.131100       
FLOW_OUT_1     2.770000        0.278770        7.720830        0.252000       
FLOW_OUT_1     3.580000        0.021530        3.135137        0.124600       
FLOW_OUT_1     10.160000       0.006912        1.175878        0.107600       
FLOW_OUT_1     2.840000        0.027256        8.455266        0.104000       
FLOW_OUT_1     0.320000        0.013508        1.198637        0.100900       
FLOW_OUT_1     2.050000        0.028074        6.001424        0.097500       
FLOW_OUT_1     0.000000        0.002181        0.108106        0.078900       
FLOW_OUT_1     0.000000        0.000533        0.099715        0.071100       
FLOW_OUT_1     0.230000        0.000315        0.091535        0.065900       
FLOW_OUT_1     0.700000        0.038377        7.762565        0.086400       
FLOW_OUT_1     0.880000        0.020575        1.388853        0.076300       
FLOW_OUT_1     2.070000        0.011872        0.698059        0.064000       
FLOW_OUT_1     1.800000        0.202077        21.129175       0.126800       
FLOW_OUT_1     11.490000       0.943118        11.435947       0.886400       
FLOW_OUT_1     8.530000        0.215178        7.441609        0.443600       
FLOW_OUT_1     2.710000        0.029865        3.797877        0.398600       
FLOW_OUT_1     0.540000        0.006019        0.334787        0.359600       
FLOW_OUT_1     0.000000        0.001701        0.448946        0.327200       
FLOW_OUT_1     0.000000        0.001712        0.614664        0.302500       
FLOW_OUT_1     0.000000        0.000700        0.260493        0.280100       
FLOW_OUT_1     0.250000        0.001692        0.415301        0.263000       
FLOW_OUT_1     0.770000        0.006401        0.817145        0.249300       
FLOW_OUT_1     1.050000        0.005890        0.525970        0.232200       
FLOW_OUT_1     1.190000        0.028464        6.180140        0.228600       
FLOW_OUT_1     1.440000        0.015015        1.165267        0.210300       
FLOW_OUT_1     1.330000        0.007314        0.772967        0.189900       
FLOW_OUT_1     1.380000        0.009149        2.369096        0.176600       
FLOW_OUT_1     0.230000        0.001611        0.292368        0.159200       
FLOW_OUT_1     0.210000        0.000283        0.131595        0.141500       
FLOW_OUT_1     0.090000        0.000260        0.120714        0.129800       
FLOW_OUT_1     0.080000        0.000376        0.209994        0.119900       
FLOW_OUT_1     0.000000        0.000227        0.105648        0.113600       
FLOW_OUT_1     0.020000        0.001217        0.636590        0.107900       
FLOW_OUT_1     0.720000        0.018153        3.824022        0.114600       
FLOW_OUT_1     1.220000        0.008992        0.185208        0.104700       
FLOW_OUT_1     1.330000        0.014143        2.304353        0.100000       
FLOW_OUT_1     0.980000        0.008297        1.148916        0.088300       
FLOW_OUT_1     3.270000        0.355036        18.685337       0.289100       
FLOW_OUT_1     2.240000        0.036390        3.377158        0.110400       
FLOW_OUT_1     0.330000        0.019887        1.895566        0.088200       
FLOW_OUT_1     0.130000        0.003651        0.240625        0.069600       
FLOW_OUT_1     0.000000        0.000158        0.073572        0.055700       
FLOW_OUT_1     0.000000        0.000142        0.066179        0.049100       
FLOW_OUT_1     0.000000        0.000783        0.509454        0.046800       
FLOW_OUT_1     0.290000        0.002285        0.599109        0.050100       
FLOW_OUT_1     0.430000        0.021167        4.698324        0.057800       
FLOW_OUT_1     0.650000        0.031753        6.416559        0.061700       
FLOW_OUT_1     1.230000        0.024392        0.454664        0.063900       
FLOW_OUT_1     1.030000        0.010974        0.101195        0.047600       
FLOW_OUT_1     2.350000        0.014909        4.098111        0.041200       
FLOW_OUT_1     0.730000        0.008917        1.525661        0.038200       
FLOW_OUT_1     0.480000        0.008002        1.800847        0.034500       
FLOW_OUT_1     0.110000        0.000181        0.084211        0.022100       
FLOW_OUT_1     0.000000        0.000160        0.074586        0.017100       
FLOW_OUT_1     0.000000        0.000119        0.066607        0.013600       
FLOW_OUT_1     0.000000        0.000232        0.129456        0.015100       
FLOW_OUT_3     46.270000       8.092878        162.084274      24.150000      
FLOW_OUT_3     59.360001       63.416248       353.172516      61.849998      
FLOW_OUT_3     143.550003      83.524597       609.775513      80.680000      
FLOW_OUT_3     233.869995      40.237122       554.860596      42.049999      
FLOW_OUT_3     91.639999       6.834985        128.888428      23.270000      
FLOW_OUT_3     6.960000        0.025833        14.415000       15.500000      
FLOW_OUT_3     0.970000        0.019029        12.387598       13.320000      
FLOW_OUT_3     0.480000        0.017314        11.271600       12.120000      
FLOW_OUT_3     0.850000        0.018171        11.829602       12.720000      
FLOW_OUT_3     10.820000       0.071450        39.869095       15.920000      
FLOW_OUT_3     28.090000       0.410440        164.525101      16.650000      
FLOW_OUT_3     40.009998       7.863895        86.476936       20.950001      
FLOW_OUT_3     48.169998       2.496960        62.213120       16.520000      
FLOW_OUT_3     56.700001       87.538803       609.845276      85.660004      
FLOW_OUT_3     213.419998      53.197136       786.320251      50.560001      
FLOW_OUT_3     329.299988      46.669426       506.496094      45.430000      
FLOW_OUT_3     72.669998       19.045250       184.232986      30.200001      
FLOW_OUT_3     10.330000       2.419503        47.039436       19.170000      
FLOW_OUT_3     2.970000        0.019971        13.001399       13.980000      
FLOW_OUT_3     0.720000        0.018386        11.969098       12.870000      
FLOW_OUT_3     3.100000        0.020243        13.178100       14.170000      
FLOW_OUT_3     22.889999       0.260571        169.632004      17.379999      
FLOW_OUT_3     36.410000       25.199366       222.403320      33.150002      
FLOW_OUT_3     72.680000       10.229620       353.413269      20.389999      
FLOW_OUT_3     66.180000       54.702999       148.763992      54.200001      
FLOW_OUT_3     97.110001       145.044998      634.369995      142.399994     
FLOW_OUT_3     150.589996      139.956497      557.408997      137.699997     
FLOW_OUT_3     458.170013      80.094345       649.338257      78.559998      
FLOW_OUT_3     423.709991      45.721779       422.387634      48.259998      
FLOW_OUT_3     241.699997      0.295967        82.574684       37.740002      
FLOW_OUT_3     43.450001       0.063640        29.592596       31.820000      
FLOW_OUT_3     15.970000       0.061680        28.681198       30.840000      
FLOW_OUT_3     23.639999       0.050700        28.290600       30.420000      
FLOW_OUT_3     40.430000       0.077525        29.149399       31.010000      
FLOW_OUT_3     57.029999       25.431398       318.401031      38.680000      
FLOW_OUT_3     72.389999       32.935753       192.098526      40.680000      
FLOW_OUT_3     61.619999       38.342865       178.139801      43.259998      
FLOW_OUT_3     77.900002       75.660645       332.930908      74.269997      
FLOW_OUT_3     173.649994      49.063572       566.079895      51.130001      
FLOW_OUT_3     415.100006      33.666279       454.180176      43.060001      
FLOW_OUT_3     277.350006      33.596401       449.526062      39.650002      
FLOW_OUT_3     73.370003       1.113544        55.780487       30.530001      
FLOW_OUT_3     10.470000       0.043567        24.310202       26.139999      
FLOW_OUT_3     13.220000       0.040800        22.766401       24.480000      
FLOW_OUT_3     10.850000       0.034629        22.543200       24.240000      
FLOW_OUT_3     23.260000       0.073960        34.391396       26.030001      
FLOW_OUT_3     129.690002      14.248220       922.862366      29.040001      
FLOW_OUT_3     138.770004      43.365128       308.676514      45.230000      
FLOW_OUT_3     201.979996      87.884399       469.798370      85.820000      
FLOW_OUT_3     155.270004      103.554001      317.044037      102.400002     
FLOW_OUT_3     448.420013      67.442169       554.259155      66.129997      
FLOW_OUT_3     459.179993      103.992004      546.223938      102.800003     
FLOW_OUT_3     226.210007      81.955299       406.691528      87.849998      
FLOW_OUT_3     59.330002       3.450030        58.008797       62.160000      
FLOW_OUT_3     16.129999       0.109980        51.140701       54.990002      
FLOW_OUT_3     4.810000        0.101920        47.392803       50.959999      
FLOW_OUT_3     16.580000       0.127200        47.318409       50.880001      
FLOW_OUT_3     62.240002       0.281600        52.940800       50.779999      
FLOW_OUT_3     256.359985      123.387245      1342.957031     120.099998     
FLOW_OUT_3     122.720001      78.934296       114.879814      80.389999      
FLOW_OUT_3     115.000000      78.691750       160.415527      83.419998      
FLOW_OUT_3     146.210007      62.010120       326.545807      72.540001      
FLOW_OUT_3     225.839996      10.313650       111.837791      49.459999      
FLOW_OUT_3     340.769989      73.063354       742.106079      72.510002      
FLOW_OUT_3     326.320007      98.021645       573.513794      96.739998      
FLOW_OUT_3     197.050003      63.724850       310.384186      73.309998      
FLOW_OUT_3     31.150000       0.151975        56.534695       60.790001      
FLOW_OUT_3     11.440000       0.141525        52.647301       56.610001      
FLOW_OUT_3     19.100000       0.283950        52.814705       56.790001      
FLOW_OUT_3     44.599998       0.284500        52.916996       56.900002      
FLOW_OUT_3     50.490002       1.050755        74.306213       55.340000      
FLOW_OUT_3     55.730000       0.265050        49.299290       53.009998      
FLOW_OUT_3     69.220001       12.127850       122.730103      49.669998      
FLOW_OUT_3     111.110001      32.689976       396.260712      52.830002      
FLOW_OUT_3     155.419998      49.435715       531.639893      69.650002      
FLOW_OUT_3     631.669983      140.203659      891.822876      137.500000     
FLOW_OUT_3     255.000000      20.357767       211.556870      51.000000      
FLOW_OUT_3     26.420000       0.659050        41.164707       44.230000      
FLOW_OUT_3     17.910000       0.100600        37.423203       40.240002      
FLOW_OUT_3     6.510000        0.053129        34.586697       37.189999      
FLOW_OUT_3     17.540001       0.052514        34.186802       36.759998      
FLOW_OUT_3     36.080002       0.165400        61.528809       37.990002      
FLOW_OUT_3     52.349998       0.249150        46.341904       37.630001      
FLOW_OUT_3     59.099998       0.285400        79.626587       35.869999      
FLOW_OUT_3     55.590000       3.642580        90.671768       33.509998      
FLOW_OUT_3     60.889999       21.985651       228.380920      36.630001      
FLOW_OUT_3     88.389999       2.849870        187.559616      27.139999      
FLOW_OUT_3     219.330002      6.401918        452.267853      23.540001      
FLOW_OUT_3     134.919998      0.554000        309.131927      16.840000      
FLOW_OUT_3     31.590000       0.032800        18.302401       11.880000      
FLOW_OUT_3     14.520000       0.199760        92.888397       9.476000       
FLOW_OUT_3     0.420000        0.011291        7.350720        7.904000       
FLOW_OUT_3     2.000000        0.015286        9.950998        10.700000      
FLOW_OUT_3     14.250000       0.112060        52.107899       12.400000      
FLOW_OUT_3     58.400002       0.797667        445.097992      14.760000      
FLOW_OUT_3     53.360001       0.335667        187.302002      14.650000      
FLOW_OUT_3     52.180000       1.897390        40.205269       14.990000      
FLOW_OUT_3     83.910004       122.315002      661.589966      119.400002     
FLOW_OUT_3     305.769989      218.472000      1072.487793     215.399994     
FLOW_OUT_3     497.130005      14.864539       309.291107      34.060001      
FLOW_OUT_3     184.199997      5.865026        227.669113      30.889999      
FLOW_OUT_3     30.969999       0.048060        22.347900       24.030001      
FLOW_OUT_3     4.650000        0.030186        19.650898       21.129999      
FLOW_OUT_3     5.040000        0.032550        18.162901       19.530001      
FLOW_OUT_3     5.600000        0.029043        18.906900       20.330000      
FLOW_OUT_3     20.709999       0.036417        20.320498       21.850000      
FLOW_OUT_3     38.689999       0.150133        83.774406       22.690001      
FLOW_OUT_3     40.400002       0.093800        26.170198       22.299999      
FLOW_OUT_3     48.580002       7.114098        314.791595      21.730000      
FLOW_OUT_3     56.580002       3.187360        172.158875      18.350000      
FLOW_OUT_3     57.889999       3.008552        125.272522      17.320000      
FLOW_OUT_3     60.840000       2.622616        202.428436      13.870000      
FLOW_OUT_3     13.460000       0.061233        34.168201       7.188000       
FLOW_OUT_3     1.590000        0.004826        3.141540        3.378000       
FLOW_OUT_3     2.690000        0.035257        22.952402       2.466000       
FLOW_OUT_3     4.980000        0.080029        52.098606       1.581000       
FLOW_OUT_3     2.630000        0.005576        3.629790        3.903000       
FLOW_OUT_3     6.330000        0.072750        40.594501       6.217000       
FLOW_OUT_3     19.650000       0.560333        312.665985      9.161000       
FLOW_OUT_3     26.809999       6.317966        119.732689      11.770000      
FLOW_OUT_3     29.209999       5.123093        138.717422      11.680000      
FLOW_OUT_3     32.029999       50.476997       268.222046      49.299999      
FLOW_OUT_3     111.699997      45.060699       876.360352      42.820000      
FLOW_OUT_3     127.099998      12.341460       277.498901      13.160000      
FLOW_OUT_3     23.690001       0.065280        30.355200       6.438000       
FLOW_OUT_3     2.260000        0.004252        2.372430        2.551000       
FLOW_OUT_3     0.550000        0.000604        0.392925        0.422500       
FLOW_OUT_3     0.270000        0.001352        0.880431        0.946700       
FLOW_OUT_3     0.220000        0.044671        29.081102       2.859000       
FLOW_OUT_3     0.770000        0.109250        60.961502       6.572000       
FLOW_OUT_3     10.320000       0.346667        193.440018      8.335000       
FLOW_OUT_3     25.840000       2.888813        324.173828      9.275000       
FLOW_OUT_3     30.219999       5.225395        46.738472       9.715000       
FLOW_OUT_3     39.669998       19.647650       203.119949      18.670000      
FLOW_OUT_3     70.370003       0.342727        176.887817      3.397000       
FLOW_OUT_3     47.970001       0.204000        113.831993      0.530300       
FLOW_OUT_3     13.910000       0.113600        73.953590       0.000000       
FLOW_OUT_3     0.350000        0.002123        1.381980        0.000000       
FLOW_OUT_3     0.250000        0.055257        35.972397       0.000000       
FLOW_OUT_3     0.200000        0.000000        0.000000        0.000000       
FLOW_OUT_3     0.190000        0.000191        0.124155        0.000000       
FLOW_OUT_7     2.080000        0.749030        149.568359      16.420000      
FLOW_OUT_7     12.510000       8.111190        44.961338       20.340000      
FLOW_OUT_7     22.180000       2.505860        28.598938       15.820000      
FLOW_OUT_7     44.610001       86.732330       540.520996      85.099998      
FLOW_OUT_7     35.090000       51.653168       636.333496      49.549999      
FLOW_OUT_7     53.520000       42.962402       385.172760      42.040001      
FLOW_OUT_7     85.519997       18.934450       135.595413      28.930000      
FLOW_OUT_7     373.470001      3.047307        47.334564       18.920000      
FLOW_OUT_7     306.000000      0.020314        13.224600       14.220000      
FLOW_OUT_7     113.190002      0.018657        12.145799       13.060000      
FLOW_OUT_7     23.120001       0.019943        12.982800       13.960000      
FLOW_OUT_7     5.820000        0.275000        153.449997      16.320000      
FLOW_OUT_7     20.209999       25.368767       219.625885      31.650000      
FLOW_OUT_7     28.910000       8.923470        221.653519      18.440001      
FLOW_OUT_7     37.340000       44.030201       87.077583       43.799999      
FLOW_OUT_7     50.110001       133.589005      520.053955      131.500000     
FLOW_OUT_7     54.509998       137.718506      529.640991      135.600006     
FLOW_OUT_7     60.209999       77.109947       555.681396      75.820000      
FLOW_OUT_7     125.029999      46.114151       370.423828      47.169998      
FLOW_OUT_7     192.000000      0.297579        64.621033       37.700001      
FLOW_OUT_7     157.570007      0.064780        30.122702       32.389999      
FLOW_OUT_7     52.119999       0.062180        28.913698       31.090000      
FLOW_OUT_7     7.700000        0.050583        28.225500       30.350000      
FLOW_OUT_7     10.060000       0.076175        28.641802       30.469999      
FLOW_OUT_7     8.250000        25.727581       312.284668      37.520000      
FLOW_OUT_7     14.400000       33.023968       146.633408      39.240002      
FLOW_OUT_7     66.620003       38.209599       146.518417      41.790001      
FLOW_OUT_7     88.949997       74.402405       293.146362      73.220001      
FLOW_OUT_7     138.669998      49.020576       438.783966      50.580002      
FLOW_OUT_7     122.690002      34.233280       393.035217      43.139999      
FLOW_OUT_7     285.640015      34.156151       374.047791      40.230000      
FLOW_OUT_7     254.139999      1.128574        29.484169       31.629999      
FLOW_OUT_7     151.619995      0.045717        25.509901       27.430000      
FLOW_OUT_7     48.040001       0.042800        23.882402       25.680000      
FLOW_OUT_7     14.620000       0.035914        23.380199       25.139999      
FLOW_OUT_7     5.410000        0.065900        24.514797       26.360001      
FLOW_OUT_7     12.660000       13.672899       720.298462      28.379999      
FLOW_OUT_7     37.650002       40.685226       254.093719      43.410000      
FLOW_OUT_7     109.150002      81.817451       379.195679      80.209999      
FLOW_OUT_7     67.889999       98.873550       280.830322      97.889999      
FLOW_OUT_7     77.660004       63.590176       456.915131      62.529999      
FLOW_OUT_7     112.949997      100.016869      510.585754      98.540001      
FLOW_OUT_7     146.029999      82.258102       378.353241      84.540001      
FLOW_OUT_7     244.229996      4.115680        55.974232       59.919998      
FLOW_OUT_7     272.320007      0.106660        49.596901       53.330002      
FLOW_OUT_7     184.839996      0.098800        45.941998       49.400002      
FLOW_OUT_7     25.330000       0.122200        45.458401       48.880001      
FLOW_OUT_7     14.940000       0.255100        47.958809       48.220001      
FLOW_OUT_7     13.710000       119.700249      1158.593018     116.900002     
FLOW_OUT_7     34.990002       77.427750       110.311501      77.250000      
FLOW_OUT_7     42.610001       77.988495       131.360977      80.680000      
FLOW_OUT_7     46.639999       62.059738       307.859100      70.239998      
FLOW_OUT_7     51.619999       10.641475       96.518707       47.970001      
FLOW_OUT_7     75.379997       73.125626       657.682556      71.550003      
FLOW_OUT_7     105.970001      97.886322       549.143005      96.669998      
FLOW_OUT_7     353.000000      65.231827       310.768860      73.809998      
FLOW_OUT_7     175.979996      0.153900        57.250793       61.560001      
FLOW_OUT_7     27.830000       0.143600        53.419197       57.439999      
FLOW_OUT_7     24.930000       0.190467        53.140202       57.139999      
FLOW_OUT_7     3.530000        0.283000        52.638000       56.599998      
FLOW_OUT_7     8.890000        1.201275        73.768570       54.680000      
FLOW_OUT_7     30.360001       0.260050        48.369301       52.009998      
FLOW_OUT_7     37.720001       12.032701       99.482216       48.720001      
FLOW_OUT_7     40.000000       32.960701       381.960327      52.209999      
FLOW_OUT_7     43.650002       49.693001       435.693939      69.269997      
FLOW_OUT_7     42.340000       140.080338      801.812927      137.699997     
FLOW_OUT_7     52.340000       21.352667       174.994019      51.840000      
FLOW_OUT_7     139.320007      1.656320        42.415512       45.500000      
FLOW_OUT_7     74.980003       0.127372        38.801216       41.720001      
FLOW_OUT_7     18.090000       0.055129        35.888699       38.590000      
FLOW_OUT_7     8.580000        0.053914        35.098206       37.740002      
FLOW_OUT_7     0.320000        0.180333        50.313000       38.340000      
FLOW_OUT_7     2.390000        0.188100        34.986595       37.619999      
FLOW_OUT_7     8.920000        0.240033        66.969299       35.689999      
FLOW_OUT_7     34.740002       3.858173        88.139160       33.330002      
FLOW_OUT_7     33.070000       16.981699       150.538101      34.830002      
FLOW_OUT_7     34.290001       3.187223        157.261307      27.320000      
FLOW_OUT_7     55.840000       6.881972        441.312775      24.360001      
FLOW_OUT_7     198.839996      0.416000        232.128021      17.969999      
FLOW_OUT_7     308.329987      0.022250        12.415500       13.350000      
FLOW_OUT_7     125.529999      0.095025        35.349300       10.920000      
FLOW_OUT_7     38.580002       0.013370        8.703871        9.359000       
FLOW_OUT_7     5.960000        0.016757        10.908900       11.730000      
FLOW_OUT_7     4.310000        0.112320        52.228806       13.050000      
FLOW_OUT_7     5.180000        0.660667        368.652008      14.880000      
FLOW_OUT_7     15.410000       0.307333        171.492004      14.660000      
FLOW_OUT_7     23.180000       1.915690        31.787174       14.870000      
FLOW_OUT_7     25.400000       122.425995      479.519409      118.599998     
FLOW_OUT_7     30.809999       215.048996      979.270874      212.300003     
FLOW_OUT_7     32.810001       14.495600       244.453995      33.830002      
FLOW_OUT_7     35.470001       6.197282        195.512100      31.370001      
FLOW_OUT_7     33.680000       0.050280        23.380199       25.139999      
FLOW_OUT_7     10.440000       0.031857        20.738998       22.299999      
FLOW_OUT_7     0.750000        0.034367        19.176601       20.620001      
FLOW_OUT_7     3.830000        0.030071        19.576498       21.049999      
FLOW_OUT_7     2.030000        0.031486        20.497202       22.040001      
FLOW_OUT_7     1.580000        0.133617        74.558090       22.430000      
FLOW_OUT_7     4.550000        0.081133        22.636202       21.830000      
FLOW_OUT_7     9.700000        7.320113        254.076874      21.129999      
FLOW_OUT_7     14.480000       3.313945        159.800339      18.240000      
FLOW_OUT_7     16.940001       3.189805        118.869453      17.540001      
FLOW_OUT_7     23.990000       2.813930        178.637451      14.540000      
FLOW_OUT_7     69.919998       0.057117        31.871099       8.386000       
FLOW_OUT_7     63.209999       0.006997        4.555140        4.898000       
FLOW_OUT_7     15.770000       0.041633        23.231398       3.909000       
FLOW_OUT_7     3.850000        0.080114        52.154404       3.068000       
FLOW_OUT_7     1.260000        0.007070        4.602570        4.949000       
FLOW_OUT_7     0.340000        0.066767        37.255802       6.880000       
FLOW_OUT_7     0.400000        0.591000        274.815002      9.257000       
FLOW_OUT_7     0.620000        6.435883        117.881439      11.680000      
FLOW_OUT_7     7.900000        5.229660        114.177513      11.640000      
FLOW_OUT_7     0.980000        50.495548       255.022263      49.389999      
FLOW_OUT_7     3.270000        44.367603       714.987305      42.560001      
FLOW_OUT_7     2.240000        13.239700       243.148392      14.020000      
FLOW_OUT_7     0.330000        0.029160        13.559401       7.627000       
FLOW_OUT_7     0.130000        0.006713        3.746040        4.028000       
FLOW_OUT_7     0.000000        0.002914        1.897200        2.040000       
FLOW_OUT_7     0.000000        0.003421        2.227350        2.395000       
FLOW_OUT_7     0.000000        0.049050        27.369904       3.978000       
FLOW_OUT_7     0.290000        0.102433        57.157803       7.151000       
FLOW_OUT_7     0.430000        0.264000        147.311981      8.544000       
NO3_OUT_7     17000.000000    4295.076660     138574.781250   4054.000000    
NO3_OUT_7     510000.000000   27999.867188    545042.812500   26140.000000   
NO3_OUT_7     56000.000000    1053.383057     481846.281250   796.599976     
NO3_OUT_7     61000.000000    566.666626      316200.000000   169.100006     
NO3_OUT_7     1100.000000     458.285736      298344.000000   1.054000       
NO3_OUT_7     14.000000       61.400002       39971.398438    0.000000       
NO3_OUT_7     0.230000        235.000000      152985.000000   0.000000       
NO3_OUT_7     5.800000        0.000000        0.000000        0.000000       
NO3_OUT_7     6.400000        0.000000        0.000000        0.000000       
NO3_OUT_7     3.200000        172.285706      112158.000000   30.600000      
NO3_OUT_7     5800.000000     225.000000      146475.000000   209.699997     
NO3_OUT_7     7400.000000     265.333344      148056.000000   285.000000     
