
FLOW_OUT_1
observed    simulated
1.3800        0.3252      
1.8900        1.1690      
5.2000        0.2867      
6.7300        1.1060      
2.7100        0.3928      
0.1400        0.3490      
0.0300        0.3180      
0.0000        0.2927      
0.0000        0.2721      
0.1900        0.2592      
0.8400        0.2445      
1.4200        0.2328      
1.0400        0.2188      
1.0200        0.2038      
9.8500        0.4501      
11.0700       1.2180      
1.7700        0.8190      
0.1600        0.7414      
0.0800        0.6759      
0.0000        0.6233      
0.0000        0.5795      
0.1900        0.5464      
0.5600        0.5124      
2.2000        0.5117      
1.5100        1.9910      
1.7300        2.3110      
6.9200        0.6804      
28.2800       1.0300      
18.3700       0.6943      
4.1500        0.6370      
0.1100        0.5801      
0.0100        0.5357      
0.1600        0.4980      
0.9200        0.4646      
1.8500        0.4368      
2.0400        0.4173      
1.8000        0.3848      
2.1700        0.3605      
10.3100       0.3630      
32.1700       0.3316      
17.6400       0.3196      
2.8600        0.2857      
0.1500        0.2498      
0.1000        0.2240      
0.1100        0.2071      
0.6900        0.1953      
3.6700        0.2383      
4.0900        0.4284      
12.8400       1.1650      
5.6800        1.0490      
30.3400       1.0760      
21.8200       1.3720      
4.2400        1.2810      
0.6700        1.1770      
0.1600        1.0870      
0.0800        1.0070      
0.2700        0.9385      
0.9700        0.8751      
6.4500        0.8537      
1.1100        0.7842      
0.8900        0.7199      
2.0500        0.6680      
6.1800        0.6174      
10.8600       0.5799      
5.5400        0.5444      
7.0600        0.4937      
0.2000        0.4526      
0.0000        0.4166      
0.0900        0.3900      
1.0700        0.3674      
1.6500        0.3422      
1.9800        0.3191      
1.9300        0.3029      
2.9800        0.2791      
4.7500        0.2820      
17.8800       0.2723      
9.7900        0.2449      
0.8500        0.2128      
1.0900        0.1887      
0.0500        0.1716      
0.0000        0.1613      
1.0400        0.1575      
1.9800        0.1531      
1.9500        0.1429      
1.8400        0.1311      
2.7700        0.2520      
3.5800        0.1246      
10.1600       0.1076      
2.8400        0.1040      
0.3200        0.1009      
2.0500        0.0975      
0.0000        0.0789      
0.0000        0.0711      
0.2300        0.0659      
0.7000        0.0864      
0.8800        0.0763      
2.0700        0.0640      
1.8000        0.1268      
11.4900       0.8864      
8.5300        0.4436      
2.7100        0.3986      
0.5400        0.3596      
0.0000        0.3272      
0.0000        0.3025      
0.0000        0.2801      
0.2500        0.2630      
0.7700        0.2493      
1.0500        0.2322      
1.1900        0.2286      
1.4400        0.2103      
1.3300        0.1899      
1.3800        0.1766      
0.2300        0.1592      
0.2100        0.1415      
0.0900        0.1298      
0.0800        0.1199      
0.0000        0.1136      
0.0200        0.1079      
0.7200        0.1146      
1.2200        0.1047      
1.3300        0.1000      
0.9800        0.0883      
3.2700        0.2891      
2.2400        0.1104      
0.3300        0.0882      
0.1300        0.0696      
0.0000        0.0557      
0.0000        0.0491      
0.0000        0.0468      
0.2900        0.0501      
0.4300        0.0578      
0.6500        0.0617      
1.2300        0.0639      
1.0300        0.0476      
2.3500        0.0412      
0.7300        0.0382      
0.4800        0.0345      
0.1100        0.0221      
0.0000        0.0171      
0.0000        0.0136      
0.0000        0.0151      


FLOW_OUT_3
observed    simulated
46.2700       24.1500     
59.3600       61.8500     
143.5500      80.6800     
233.8700      42.0500     
91.6400       23.2700     
6.9600        15.5000     
0.9700        13.3200     
0.4800        12.1200     
0.8500        12.7200     
10.8200       15.9200     
28.0900       16.6500     
40.0100       20.9500     
48.1700       16.5200     
56.7000       85.6600     
213.4200      50.5600     
329.3000      45.4300     
72.6700       30.2000     
10.3300       19.1700     
2.9700        13.9800     
0.7200        12.8700     
3.1000        14.1700     
22.8900       17.3800     
36.4100       33.1500     
72.6800       20.3900     
66.1800       54.2000     
97.1100       142.4000    
150.5900      137.7000    
458.1700      78.5600     
423.7100      48.2600     
241.7000      37.7400     
43.4500       31.8200     
15.9700       30.8400     
23.6400       30.4200     
40.4300       31.0100     
57.0300       38.6800     
72.3900       40.6800     
61.6200       43.2600     
77.9000       74.2700     
173.6500      51.1300     
415.1000      43.0600     
277.3500      39.6500     
73.3700       30.5300     
10.4700       26.1400     
13.2200       24.4800     
10.8500       24.2400     
23.2600       26.0300     
129.6900      29.0400     
138.7700      45.2300     
201.9800      85.8200     
155.2700      102.4000    
448.4200      66.1300     
459.1800      102.8000    
226.2100      87.8500     
59.3300       62.1600     
16.1300       54.9900     
4.8100        50.9600     
16.5800       50.8800     
62.2400       50.7800     
256.3600      120.1000    
122.7200      80.3900     
115.0000      83.4200     
146.2100      72.5400     
225.8400      49.4600     
340.7700      72.5100     
326.3200      96.7400     
197.0500      73.3100     
31.1500       60.7900     
11.4400       56.6100     
19.1000       56.7900     
44.6000       56.9000     
50.4900       55.3400     
55.7300       53.0100     
69.2200       49.6700     
111.1100      52.8300     
155.4200      69.6500     
631.6700      137.5000    
255.0000      51.0000     
26.4200       44.2300     
17.9100       40.2400     
6.5100        37.1900     
17.5400       36.7600     
36.0800       37.9900     
52.3500       37.6300     
59.1000       35.8700     
55.5900       33.5100     
60.8900       36.6300     
88.3900       27.1400     
219.3300      23.5400     
134.9200      16.8400     
31.5900       11.8800     
14.5200       9.4760      
0.4200        7.9040      
2.0000        10.7000     
14.2500       12.4000     
58.4000       14.7600     
53.3600       14.6500     
52.1800       14.9900     
83.9100       119.4000    
305.7700      215.4000    
497.1300      34.0600     
184.2000      30.8900     
30.9700       24.0300     
4.6500        21.1300     
5.0400        19.5300     
5.6000        20.3300     
20.7100       21.8500     
38.6900       22.6900     
40.4000       22.3000     
48.5800       21.7300     
56.5800       18.3500     
57.8900       17.3200     
60.8400       13.8700     
13.4600       7.1880      
1.5900        3.3780      
2.6900        2.4660      
4.9800        1.5810      
2.6300        3.9030      
6.3300        6.2170      
19.6500       9.1610      
26.8100       11.7700     
29.2100       11.6800     
32.0300       49.3000     
111.7000      42.8200     
127.1000      13.1600     
23.6900       6.4380      
2.2600        2.5510      
0.5500        0.4225      
0.2700        0.9467      
0.2200        2.8590      
0.7700        6.5720      
10.3200       8.3350      
25.8400       9.2750      
30.2200       9.7150      
39.6700       18.6700     
70.3700       3.3970      
47.9700       0.5303      
13.9100       0.0000      
0.3500        0.0000      
0.2500        0.0000      
0.2000        0.0000      
0.1900        0.0000      


FLOW_OUT_7
observed    simulated
2.0800        16.4200     
12.5100       20.3400     
22.1800       15.8200     
44.6100       85.1000     
35.0900       49.5500     
53.5200       42.0400     
85.5200       28.9300     
373.4700      18.9200     
306.0000      14.2200     
113.1900      13.0600     
23.1200       13.9600     
5.8200        16.3200     
20.2100       31.6500     
28.9100       18.4400     
37.3400       43.8000     
50.1100       131.5000    
54.5100       135.6000    
60.2100       75.8200     
125.0300      47.1700     
192.0000      37.7000     
157.5700      32.3900     
52.1200       31.0900     
7.7000        30.3500     
10.0600       30.4700     
8.2500        37.5200     
14.4000       39.2400     
66.6200       41.7900     
88.9500       73.2200     
138.6700      50.5800     
122.6900      43.1400     
285.6400      40.2300     
254.1400      31.6300     
151.6200      27.4300     
48.0400       25.6800     
14.6200       25.1400     
5.4100        26.3600     
12.6600       28.3800     
37.6500       43.4100     
109.1500      80.2100     
67.8900       97.8900     
77.6600       62.5300     
112.9500      98.5400     
146.0300      84.5400     
244.2300      59.9200     
272.3200      53.3300     
184.8400      49.4000     
25.3300       48.8800     
14.9400       48.2200     
13.7100       116.9000    
34.9900       77.2500     
42.6100       80.6800     
46.6400       70.2400     
51.6200       47.9700     
75.3800       71.5500     
105.9700      96.6700     
353.0000      73.8100     
175.9800      61.5600     
27.8300       57.4400     
24.9300       57.1400     
3.5300        56.6000     
8.8900        54.6800     
30.3600       52.0100     
37.7200       48.7200     
40.0000       52.2100     
43.6500       69.2700     
42.3400       137.7000    
52.3400       51.8400     
139.3200      45.5000     
74.9800       41.7200     
18.0900       38.5900     
8.5800        37.7400     
0.3200        38.3400     
2.3900        37.6200     
8.9200        35.6900     
34.7400       33.3300     
33.0700       34.8300     
34.2900       27.3200     
55.8400       24.3600     
198.8400      17.9700     
308.3300      13.3500     
125.5300      10.9200     
38.5800       9.3590      
5.9600        11.7300     
4.3100        13.0500     
5.1800        14.8800     
15.4100       14.6600     
23.1800       14.8700     
25.4000       118.6000    
30.8100       212.3000    
32.8100       33.8300     
35.4700       31.3700     
33.6800       25.1400     
10.4400       22.3000     
0.7500        20.6200     
3.8300        21.0500     
2.0300        22.0400     
1.5800        22.4300     
4.5500        21.8300     
9.7000        21.1300     
14.4800       18.2400     
16.9400       17.5400     
23.9900       14.5400     
69.9200       8.3860      
63.2100       4.8980      
15.7700       3.9090      
3.8500        3.0680      
1.2600        4.9490      
0.3400        6.8800      
0.4000        9.2570      
0.6200        11.6800     
7.9000        11.6400     
0.9800        49.3900     
3.2700        42.5600     
2.2400        14.0200     
0.3300        7.6270      
0.1300        4.0280      
0.0000        2.0400      
0.0000        2.3950      
0.0000        3.9780      
0.2900        7.1510      
0.4300        8.5440      


NO3_OUT_7
observed    simulated
17000.0000    4054.0000   
510000.0000   26140.0000  
56000.0000    796.6000    
61000.0000    169.1000    
1100.0000     1.0540      
14.0000       0.0000      
0.2300        0.0000      
5.8000        0.0000      
6.4000        0.0000      
3.2000        30.6000     
5800.0000     209.7000    
7400.0000     285.0000    

