   1 
1  5.594000e+001
2  2.396000e+002
3  4.240000e+002
4  3.052000e+002
5  4.654000e+001
6  1.024000e+000
7  0.000000e+000
8  0.000000e+000
9  0.000000e+000
10  0.000000e+000
11  5.166000e+001
12  2.555000e+001
13  1.509000e+001
14  3.357000e+002
15  4.522000e+002
16  3.112000e+002
17  1.078000e+002
18  3.141000e+001
19  0.000000e+000
20  0.000000e+000
21  0.000000e+000
22  1.579000e+001
23  1.486000e+002
24  1.386000e+002
25  1.459000e+002
26  5.214000e+002
27  4.250000e+002
28  3.426000e+002
29  1.889000e+002
30  1.295000e+001
31  0.000000e+000
32  7.053000e-002
33  0.000000e+000
34  0.000000e+000
35  1.332000e+002
36  6.796000e+001
37  1.290000e+002
38  2.275000e+002
39  3.051000e+002
40  1.910000e+002
41  1.927000e+002
42  1.664000e+001
43  0.000000e+000
44  0.000000e+000
45  0.000000e+000
46  1.794000e+000
47  3.487000e+002
48  1.721000e+002
49  3.479000e+002
50  2.383000e+002
51  3.158000e+002
52  3.450000e+002
53  2.390000e+002
54  2.184000e+001
55  0.000000e+000
56  0.000000e+000
57  0.000000e+000
58  1.547000e-002
59  7.508000e+002
60  9.890000e+001
61  1.232000e+002
62  1.695000e+002
63  2.003000e+001
64  3.629000e+002
65  3.126000e+002
66  1.645000e+002
67  0.000000e+000
68  0.000000e+000
69  0.000000e+000
70  0.000000e+000
71  1.219000e+001
72  0.000000e+000
73  2.130000e+001
74  1.789000e+002
75  1.659000e+002
76  5.878000e+002
77  6.824000e+001
78  5.981000e+000
79  3.686000e-001
80  0.000000e+000
81  0.000000e+000
82  2.584000e+000
83  5.339000e+000
84  2.495000e-001
85  1.368000e+001
86  1.421000e+002
87  5.636000e+001
88  2.080000e+002
89  8.006000e+001
90  1.147000e+000
91  4.388000e+001
92  0.000000e+000
93  0.000000e+000
94  5.795000e+000
95  1.252000e+002
96  3.709000e+001
97  2.645000e+001
98  5.746000e+002
99  8.191000e+002
100  1.148000e+002
101  7.390000e+001
102  1.767000e+000
103  0.000000e+000
104  4.750000e-002
105  0.000000e+000
106  0.000000e+000
107  4.027000e+000
108  2.886000e+000
109  1.160000e+002
110  3.745000e+001
111  4.342000e+001
112  6.848000e+001
113  0.000000e+000
114  0.000000e+000
115  9.709000e-001
116  1.341000e+000
117  0.000000e+000
118  0.000000e+000
119  1.005000e+002
120  5.793000e+001
121  6.274000e+001
122  2.269000e+002
123  5.337000e+002
124  1.197000e+002
125  4.650000e+000
126  0.000000e+000
127  0.000000e+000
128  0.000000e+000
129  1.317000e-002
130  1.909000e+000
131  2.721000e+001
132  8.460000e+001
133  2.123000e+001
134  2.060000e+002
135  3.282000e+001
136  2.899000e+001
137  6.590000e+000
138  0.000000e+000
139  0.000000e+000
140  0.000000e+000
141  0.000000e+000
   2 
1  1.418000e+001
2  5.148000e+001
3  7.357000e+001
4  4.438000e+001
5  2.039000e+001
6  8.021000e+000
7  5.434000e+000
8  4.603000e+000
9  5.344000e+000
10  7.798000e+000
11  7.772000e+000
12  1.143000e+001
13  6.808000e+000
14  7.526000e+001
15  4.666000e+001
16  5.294000e+001
17  3.124000e+001
18  1.677000e+001
19  1.176000e+001
20  1.100000e+001
21  1.118000e+001
22  1.268000e+001
23  2.693000e+001
24  1.434000e+001
25  4.715000e+001
26  1.357000e+002
27  1.361000e+002
28  9.127000e+001
29  7.254000e+001
30  4.833000e+001
31  3.348000e+001
32  2.977000e+001
33  2.730000e+001
34  2.709000e+001
35  3.402000e+001
36  3.777000e+001
37  3.782000e+001
38  6.741000e+001
39  4.738000e+001
40  3.923000e+001
41  4.177000e+001
42  2.604000e+001
43  1.599000e+001
44  1.361000e+001
45  1.400000e+001
46  1.605000e+001
47  1.892000e+001
48  4.145000e+001
49  9.491000e+001
50  1.078000e+002
51  9.258000e+001
52  1.187000e+002
53  1.128000e+002
54  6.461000e+001
55  4.527000e+001
56  3.796000e+001
57  3.913000e+001
58  3.945000e+001
59  1.108000e+002
60  7.841000e+001
61  7.609000e+001
62  6.825000e+001
63  4.009000e+001
64  6.892000e+001
65  1.133000e+002
66  8.672000e+001
67  5.387000e+001
68  4.174000e+001
69  4.093000e+001
70  4.136000e+001
71  3.904000e+001
72  3.487000e+001
73  2.933000e+001
74  3.121000e+001
75  4.862000e+001
76  1.364000e+002
77  4.948000e+001
78  3.300000e+001
79  2.250000e+001
80  1.763000e+001
81  1.753000e+001
82  1.966000e+001
83  1.914000e+001
84  1.668000e+001
85  1.395000e+001
86  1.712000e+001
87  8.019000e+000
88  5.280000e+000
89  3.370000e-002
90  0.000000e+000
91  0.000000e+000
92  0.000000e+000
93  0.000000e+000
94  0.000000e+000
95  1.428000e-001
96  7.123000e-001
97  1.649000e+000
98  1.071000e+002
99  2.196000e+002
100  5.222000e+001
101  4.101000e+001
102  2.571000e+001
103  2.011000e+001
104  1.749000e+001
105  1.774000e+001
106  1.809000e+001
107  1.670000e+001
108  1.476000e+001
109  1.271000e+001
110  8.926000e+000
111  7.767000e+000
112  5.398000e+000
113  7.871000e-002
114  0.000000e+000
115  0.000000e+000
116  0.000000e+000
117  0.000000e+000
118  0.000000e+000
119  2.102000e-001
120  3.415000e+000
121  3.248000e+000
122  4.137000e+001
123  3.864000e+001
124  1.545000e+001
125  6.499000e+000
126  1.015000e+000
127  0.000000e+000
128  0.000000e+000
129  2.140000e-001
130  2.881000e+000
131  4.199000e+000
132  4.392000e+000
133  5.309000e+000
134  1.409000e+001
135  1.574000e-001
136  0.000000e+000
137  0.000000e+000
138  0.000000e+000
139  0.000000e+000
140  0.000000e+000
141  0.000000e+000
   3 
1  3.153000e+000
2  9.252000e+001
3  1.539000e+002
4  7.451000e+001
5  1.971000e+001
6  1.262000e+000
7  0.000000e+000
8  0.000000e+000
9  0.000000e+000
10  0.000000e+000
11  4.415000e-002
12  8.964000e+000
13  8.250000e-001
14  1.184000e+002
15  1.012000e+002
16  1.213000e+002
17  6.096000e+001
18  2.341000e+001
19  3.697000e+000
20  0.000000e+000
21  0.000000e+000
22  0.000000e+000
23  3.183000e+001
24  6.502000e+000
25  7.645000e+001
26  2.331000e+002
27  2.094000e+002
28  1.289000e+002
29  1.281000e+002
30  6.656000e+001
31  3.203000e+001
32  1.495000e+001
33  6.692000e+000
34  3.405000e+000
35  1.783000e+001
36  3.047000e+001
37  4.323000e+001
38  1.017000e+002
39  6.877000e+001
40  5.108000e+001
41  7.177000e+001
42  3.243000e+001
43  1.247000e+001
44  3.297000e+000
45  9.858000e-003
46  8.298000e-003
47  9.821000e+000
48  5.948000e+001
49  1.853000e+002
50  1.699000e+002
51  1.711000e+002
52  2.138000e+002
53  1.921000e+002
54  7.857000e+001
55  3.798000e+001
56  1.692000e+001
57  8.497000e+000
58  5.040000e+000
59  1.420000e+002
60  8.834000e+001
61  8.650000e+001
62  6.516000e+001
63  2.418000e+001
64  1.125000e+002
65  2.095000e+002
66  1.541000e+002
67  7.205000e+001
68  3.628000e+001
69  1.967000e+001
70  1.165000e+001
71  6.942000e+000
72  4.459000e+000
73  2.399000e+000
74  2.922000e+001
75  3.679000e+001
76  2.330000e+002
77  7.810000e+001
78  3.628000e+001
79  1.560000e+001
80  4.376000e+000
81  6.241000e-001
82  3.916000e-001
83  6.435000e-001
84  2.365000e-001
85  0.000000e+000
86  3.261000e+001
87  3.041000e+000
88  1.272000e+001
89  2.437000e-001
90  0.000000e+000
91  0.000000e+000
92  0.000000e+000
93  0.000000e+000
94  0.000000e+000
95  0.000000e+000
96  2.324000e-001
97  4.154000e+000
98  2.440000e+002
99  3.275000e+002
100  8.695000e+001
101  5.335000e+001
102  2.119000e+001
103  6.813000e+000
104  7.831000e-001
105  0.000000e+000
106  0.000000e+000
107  0.000000e+000
108  0.000000e+000
109  5.909000e+000
110  3.954000e+000
111  4.498000e+000
112  4.077000e+000
113  0.000000e+000
114  0.000000e+000
115  0.000000e+000
116  0.000000e+000
117  0.000000e+000
118  0.000000e+000
119  0.000000e+000
120  1.353000e+001
121  9.281000e+000
122  9.907000e+001
123  8.653000e+001
124  3.471000e+001
125  7.275000e+000
126  9.290000e-002
127  0.000000e+000
128  0.000000e+000
129  0.000000e+000
130  0.000000e+000
131  0.000000e+000
132  4.315000e+000
133  6.513000e+000
134  5.366000e+001
135  2.846000e-001
136  0.000000e+000
137  0.000000e+000
138  0.000000e+000
139  0.000000e+000
140  0.000000e+000
141  0.000000e+000
   4 
1  1.413000e+001
2  7.218000e+001
3  1.030000e+002
4  3.467000e+001
5  5.497000e+000
6  0.000000e+000
7  0.000000e+000
8  0.000000e+000
9  0.000000e+000
10  3.261000e-001
11  2.803000e+000
12  1.126000e+001
13  6.562000e+000
14  9.717000e+001
15  6.172000e+001
16  4.280000e+001
17  1.309000e+001
18  1.392000e+000
19  0.000000e+000
20  0.000000e+000
21  0.000000e+000
22  8.183000e-001
23  2.729000e+001
24  1.249000e+001
25  6.430000e+001
26  1.805000e+002
27  1.685000e+002
28  7.865000e+001
29  3.360000e+001
30  5.866000e+000
31  2.844000e-002
32  1.292000e-001
33  2.576000e+000
34  8.148000e+000
35  2.640000e+001
36  3.414000e+001
37  4.101000e+001
38  8.564000e+001
39  4.834000e+001
40  2.990000e+001
41  2.562000e+001
42  4.530000e+000
43  0.000000e+000
44  0.000000e+000
45  1.013000e+000
46  7.529000e+000
47  1.666000e+001
48  4.355000e+001
49  1.079000e+002
50  1.150000e+002
51  6.904000e+001
52  9.744000e+001
53  6.833000e+001
54  1.995000e+001
55  8.812000e+000
56  6.180000e+000
57  1.608000e+001
58  2.584000e+001
59  1.283000e+002
60  8.068000e+001
61  8.312000e+001
62  6.433000e+001
63  2.593000e+001
64  6.647000e+001
65  8.900000e+001
66  5.525000e+001
67  2.536000e+001
68  2.007000e+001
69  2.772000e+001
70  3.539000e+001
71  3.812000e+001
72  3.916000e+001
73  3.672000e+001
74  4.454000e+001
75  6.075000e+001
76  1.518000e+002
77  2.721000e+001
78  1.203000e+001
79  5.915000e+000
80  3.587000e+000
81  7.330000e+000
82  1.593000e+001
83  2.169000e+001
84  2.208000e+001
85  2.002000e+001
86  3.222000e+001
87  1.244000e+001
88  9.498000e+000
89  0.000000e+000
90  0.000000e+000
91  0.000000e+000
92  0.000000e+000
93  0.000000e+000
94  0.000000e+000
95  1.296000e+000
96  3.514000e+000
97  6.686000e+000
98  1.690000e+002
99  2.483000e+002
100  1.421000e+001
101  5.118000e+000
102  0.000000e+000
103  0.000000e+000
104  0.000000e+000
105  0.000000e+000
106  8.484000e-001
107  5.555000e+000
108  8.461000e+000
109  1.160000e+001
110  6.764000e+000
111  3.674000e+000
112  2.317000e+000
113  0.000000e+000
114  0.000000e+000
115  0.000000e+000
116  0.000000e+000
117  0.000000e+000
118  0.000000e+000
119  0.000000e+000
120  7.013000e+000
121  6.013000e+000
122  6.539000e+001
123  5.435000e+001
124  7.477000e+000
125  0.000000e+000
126  0.000000e+000
127  0.000000e+000
128  0.000000e+000
129  0.000000e+000
130  0.000000e+000
131  7.551000e-001
132  4.182000e+000
133  6.343000e+000
134  2.769000e+001
135  5.872000e-002
136  0.000000e+000
137  0.000000e+000
138  0.000000e+000
139  0.000000e+000
140  0.000000e+000
141  0.000000e+000
   5 
1  1.018000e+001
2  1.414000e+002
3  2.032000e+002
4  7.265000e+001
5  9.126000e+000
6  0.000000e+000
7  0.000000e+000
8  0.000000e+000
9  0.000000e+000
10  0.000000e+000
11  1.598000e+000
12  1.253000e+001
13  2.377000e+000
14  1.545000e+002
15  1.369000e+002
16  1.006000e+002
17  3.302000e+001
18  6.700000e+000
19  0.000000e+000
20  0.000000e+000
21  0.000000e+000
22  0.000000e+000
23  4.673000e+001
24  1.415000e+001
25  1.005000e+002
26  3.014000e+002
27  2.685000e+002
28  1.172000e+002
29  6.678000e+001
30  8.055000e+000
31  3.762000e-002
32  0.000000e+000
33  0.000000e+000
34  0.000000e+000
35  2.436000e+001
36  3.213000e+001
37  6.297000e+001
38  1.371000e+002
39  8.566000e+001
40  4.506000e+001
41  4.811000e+001
42  3.214000e+000
43  0.000000e+000
44  0.000000e+000
45  0.000000e+000
46  0.000000e+000
47  2.401000e+001
48  6.240000e+001
49  1.988000e+002
50  1.734000e+002
51  1.362000e+002
52  1.772000e+002
53  1.274000e+002
54  2.214000e+001
55  2.928000e+000
56  0.000000e+000
57  0.000000e+000
58  2.368000e+000
59  1.987000e+002
60  9.049000e+001
61  9.611000e+001
62  6.538000e+001
63  1.057000e+001
64  1.201000e+002
65  1.624000e+002
66  9.652000e+001
67  2.031000e+001
68  6.355000e+000
69  6.626000e+000
70  1.025000e+001
71  1.076000e+001
72  1.079000e+001
73  9.509000e+000
74  5.039000e+001
75  3.691000e+001
76  2.463000e+002
77  3.101000e+001
78  4.526000e+000
79  5.328000e-002
80  0.000000e+000
81  0.000000e+000
82  1.235000e-002
83  9.311000e-001
84  1.408000e+000
85  8.682000e-001
86  6.013000e+001
87  8.662000e+000
88  2.573000e+001
89  1.564000e+000
90  0.000000e+000
91  2.350000e-001
92  0.000000e+000
93  0.000000e+000
94  0.000000e+000
95  1.518000e-004
96  1.223000e+000
97  9.063000e+000
98  3.337000e+002
99  3.755000e+002
100  2.659000e+001
101  1.170000e+001
102  0.000000e+000
103  0.000000e+000
104  0.000000e+000
105  0.000000e+000
106  0.000000e+000
107  0.000000e+000
108  0.000000e+000
109  1.651000e+001
110  3.953000e+000
111  7.333000e+000
112  6.522000e+000
113  0.000000e+000
114  0.000000e+000
115  0.000000e+000
116  0.000000e+000
117  0.000000e+000
118  0.000000e+000
119  1.267000e+000
120  2.112000e+001
121  1.603000e+001
122  1.439000e+002
123  1.247000e+002
124  2.370000e+001
125  1.277000e-003
126  0.000000e+000
127  0.000000e+000
128  0.000000e+000
129  0.000000e+000
130  0.000000e+000
131  0.000000e+000
132  1.028000e+001
133  9.674000e+000
134  9.249000e+001
135  7.667000e-002
136  0.000000e+000
137  0.000000e+000
138  0.000000e+000
139  0.000000e+000
140  0.000000e+000
141  0.000000e+000
   6 
1  1.682000e+002
2  3.689000e+002
3  6.407000e+002
4  5.843000e+002
5  1.297000e+002
6  1.458000e+000
7  0.000000e+000
8  0.000000e+000
9  0.000000e+000
10  3.888000e+001
11  1.701000e+002
12  8.634000e+001
13  6.146000e+001
14  6.430000e+002
15  8.329000e+002
16  5.308000e+002
17  1.889000e+002
18  4.743000e+001
19  0.000000e+000
20  0.000000e+000
21  0.000000e+000
22  1.760000e+002
23  2.301000e+002
24  3.730000e+002
25  1.502000e+002
26  6.649000e+002
27  5.810000e+002
28  6.833000e+002
29  4.404000e+002
30  8.129000e+001
31  0.000000e+000
32  8.558000e+000
33  1.495000e+000
34  2.440000e+001
35  3.323000e+002
36  1.976000e+002
37  1.833000e+002
38  3.450000e+002
39  5.962000e+002
40  4.760000e+002
41  4.697000e+002
42  5.583000e+001
43  2.548000e+000
44  2.227000e+000
45  3.542000e-001
46  3.315000e+001
47  9.831000e+002
48  3.223000e+002
49  4.913000e+002
50  3.244000e+002
51  5.798000e+002
52  5.671000e+002
53  4.184000e+002
54  4.570000e+001
55  0.000000e+000
56  0.000000e+000
57  0.000000e+000
58  4.756000e+001
59  1.425000e+003
60  1.107000e+002
61  1.601000e+002
62  3.368000e+002
63  1.100000e+002
64  7.808000e+002
65  5.971000e+002
66  3.188000e+002
67  0.000000e+000
68  0.000000e+000
69  5.597000e+000
70  1.787000e+000
71  7.196000e+001
72  9.005000e+000
73  1.251000e+002
74  4.161000e+002
75  5.581000e+002
76  9.367000e+002
77  2.126000e+002
78  1.008000e+001
79  4.901000e+000
80  0.000000e+000
81  2.395000e+000
82  6.022000e+001
83  4.290000e+001
84  7.736000e+001
85  9.069000e+001
86  2.366000e+002
87  1.929000e+002
88  4.769000e+002
89  3.232000e+002
90  1.620000e+001
91  9.864000e+001
92  0.000000e+000
93  0.000000e+000
94  5.329000e+001
95  4.705000e+002
96  1.938000e+002
97  3.813000e+001
98  6.959000e+002
99  1.128000e+003
100  3.213000e+002
101  2.333000e+002
102  6.052000e+000
103  1.257000e+000
104  8.710000e+000
105  0.000000e+000
106  1.533000e+000
107  8.302000e+001
108  2.205000e+001
109  3.302000e+002
110  1.773000e+002
111  1.268000e+002
112  2.098000e+002
113  3.268000e+001
114  0.000000e+000
115  2.347000e+001
116  5.409000e+001
117  0.000000e+000
118  4.200000e+001
119  3.306000e+002
120  1.224000e+002
121  1.428000e+002
122  2.785000e+002
123  9.324000e+002
124  2.904000e+002
125  3.015000e+001
126  1.947000e+000
127  0.000000e+000
128  0.000000e+000
129  3.044000e+001
130  6.056000e+001
131  2.017000e+002
132  3.423000e+002
133  4.446000e+001
134  2.077000e+002
135  1.829000e+002
136  1.158000e+002
137  7.585000e+001
138  1.213000e+000
139  3.670000e+001
140  0.000000e+000
141  1.142000e-001
   7 
1  2.438000e+001
2  1.981000e+002
3  2.747000e+002
4  1.086000e+002
5  1.578000e+001
6  4.128000e-001
7  0.000000e+000
8  0.000000e+000
9  0.000000e+000
10  0.000000e+000
11  7.318000e+000
12  1.772000e+001
13  7.752000e+000
14  2.003000e+002
15  2.003000e+002
16  1.401000e+002
17  4.987000e+001
18  1.352000e+001
19  0.000000e+000
20  0.000000e+000
21  0.000000e+000
22  7.153000e-001
23  7.147000e+001
24  3.718000e+001
25  1.294000e+002
26  3.803000e+002
27  3.529000e+002
28  1.491000e+002
29  7.057000e+001
30  5.969000e+000
31  8.747000e-001
32  8.649000e-001
33  1.273000e+000
34  2.916000e+000
35  4.088000e+001
36  3.774000e+001
37  9.848000e+001
38  1.822000e+002
39  1.210000e+002
40  6.782000e+001
41  6.791000e+001
42  5.635000e+000
43  8.461000e-002
44  6.679000e-004
45  1.294000e-001
46  2.079000e+000
47  6.285000e+001
48  8.498000e+001
49  2.333000e+002
50  1.937000e+002
51  1.581000e+002
52  2.174000e+002
53  1.486000e+002
54  3.471000e+001
55  2.109000e+001
56  1.632000e+001
57  1.655000e+001
58  1.706000e+001
59  3.039000e+002
60  1.048000e+002
61  1.169000e+002
62  9.033000e+001
63  1.916000e+001
64  1.659000e+002
65  1.920000e+002
66  1.079000e+002
67  2.286000e+001
68  1.780000e+001
69  1.724000e+001
70  1.749000e+001
71  1.650000e+001
72  1.569000e+001
73  1.934000e+001
74  8.582000e+001
75  5.655000e+001
76  3.119000e+002
77  3.709000e+001
78  1.199000e+001
79  7.124000e+000
80  4.461000e+000
81  4.992000e+000
82  7.208000e+000
83  8.065000e+000
84  7.539000e+000
85  8.294000e+000
86  1.007000e+002
87  2.448000e+001
88  5.479000e+001
89  7.616000e+000
90  0.000000e+000
91  4.738000e+000
92  0.000000e+000
93  0.000000e+000
94  0.000000e+000
95  7.972000e+000
96  6.894000e+000
97  1.998000e+001
98  4.467000e+002
99  4.795000e+002
100  3.367000e+001
101  2.008000e+001
102  7.581000e-001
103  0.000000e+000
104  0.000000e+000
105  0.000000e+000
106  0.000000e+000
107  5.394000e-001
108  1.264000e+000
109  3.538000e+001
110  9.452000e+000
111  1.244000e+001
112  1.339000e+001
113  0.000000e+000
114  0.000000e+000
115  0.000000e+000
116  0.000000e+000
117  0.000000e+000
118  0.000000e+000
119  7.950000e+000
120  3.682000e+001
121  2.768000e+001
122  1.966000e+002
123  1.931000e+002
124  3.757000e+001
125  1.756000e-002
126  0.000000e+000
127  0.000000e+000
128  0.000000e+000
129  0.000000e+000
130  0.000000e+000
131  0.000000e+000
132  1.890000e+001
133  1.436000e+001
134  1.476000e+002
135  2.988000e-001
136  1.980000e+000
137  0.000000e+000
138  0.000000e+000
139  0.000000e+000
140  0.000000e+000
141  0.000000e+000
   8 
1  3.884000e+001
2  2.462000e+002
3  3.451000e+002
4  1.693000e+002
5  2.358000e+001
6  6.578000e-001
7  0.000000e+000
8  0.000000e+000
9  0.000000e+000
10  0.000000e+000
11  1.964000e+001
12  2.197000e+001
13  1.230000e+001
14  2.550000e+002
15  2.931000e+002
16  2.023000e+002
17  6.841000e+001
18  1.816000e+001
19  0.000000e+000
20  0.000000e+000
21  0.000000e+000
22  8.626000e-001
23  1.016000e+002
24  7.048000e+001
25  1.480000e+002
26  4.664000e+002
27  4.208000e+002
28  2.036000e+002
29  9.794000e+001
30  3.479000e+000
31  0.000000e+000
32  0.000000e+000
33  0.000000e+000
34  0.000000e+000
35  6.583000e+001
36  4.390000e+001
37  1.377000e+002
38  2.073000e+002
39  1.834000e+002
40  1.024000e+002
41  1.054000e+002
42  6.841000e+000
43  0.000000e+000
44  0.000000e+000
45  0.000000e+000
46  4.701000e-002
47  1.381000e+002
48  1.169000e+002
49  2.786000e+002
50  2.084000e+002
51  2.130000e+002
52  2.671000e+002
53  1.830000e+002
54  1.798000e+001
55  1.903000e-001
56  0.000000e+000
57  1.868000e+000
58  5.513000e+000
59  4.520000e+002
60  1.097000e+002
61  1.288000e+002
62  1.143000e+002
63  1.664000e+001
64  2.243000e+002
65  2.380000e+002
66  1.260000e+002
67  4.283000e-001
68  0.000000e+000
69  1.591000e+000
70  5.125000e+000
71  8.587000e+000
72  8.350000e+000
73  2.173000e+001
74  1.230000e+002
75  8.007000e+001
76  4.137000e+002
77  4.161000e+001
78  2.789000e+000
79  5.306000e-001
80  0.000000e+000
81  1.799000e-001
82  2.901000e+000
83  5.419000e+000
84  5.756000e+000
85  1.030000e+001
86  1.397000e+002
87  3.251000e+001
88  1.049000e+002
89  2.598000e+001
90  0.000000e+000
91  1.726000e+001
92  0.000000e+000
93  0.000000e+000
94  6.274000e-002
95  3.622000e+001
96  1.775000e+001
97  2.942000e+001
98  5.515000e+002
99  6.216000e+002
100  5.486000e+001
101  3.304000e+001
102  1.025000e+000
103  0.000000e+000
104  0.000000e+000
105  0.000000e+000
106  0.000000e+000
107  5.749000e-001
108  1.811000e+000
109  6.507000e+001
110  1.819000e+001
111  2.194000e+001
112  2.922000e+001
113  0.000000e+000
114  0.000000e+000
115  0.000000e+000
116  0.000000e+000
117  0.000000e+000
118  0.000000e+000
119  3.079000e+001
120  4.749000e+001
121  4.432000e+001
122  2.444000e+002
123  3.090000e+002
124  6.211000e+001
125  5.508000e-001
126  0.000000e+000
127  0.000000e+000
128  0.000000e+000
129  0.000000e+000
130  0.000000e+000
131  2.752000e+000
132  3.648000e+001
133  1.981000e+001
134  2.028000e+002
135  5.649000e+000
136  7.990000e+000
137  3.543000e-001
138  0.000000e+000
139  0.000000e+000
140  0.000000e+000
141  0.000000e+000
   1 
1  5.594000e+001
2  2.396000e+002
3  4.240000e+002
4  3.052000e+002
5  4.654000e+001
6  1.024000e+000
7  0.000000e+000
8  0.000000e+000
9  0.000000e+000
10  0.000000e+000
11  5.166000e+001
12  2.555000e+001
13  1.509000e+001
14  3.357000e+002
15  4.522000e+002
16  3.112000e+002
17  1.078000e+002
18  3.141000e+001
19  0.000000e+000
20  0.000000e+000
21  0.000000e+000
22  1.579000e+001
23  1.486000e+002
24  1.386000e+002
25  1.459000e+002
26  5.214000e+002
27  4.250000e+002
28  3.426000e+002
29  1.889000e+002
30  1.295000e+001
31  0.000000e+000
32  7.053000e-002
33  0.000000e+000
34  0.000000e+000
35  1.332000e+002
36  6.796000e+001
37  1.290000e+002
38  2.275000e+002
39  3.051000e+002
40  1.910000e+002
41  1.927000e+002
42  1.664000e+001
43  0.000000e+000
44  0.000000e+000
45  0.000000e+000
46  1.794000e+000
47  3.487000e+002
48  1.721000e+002
49  3.479000e+002
50  2.383000e+002
51  3.158000e+002
52  3.450000e+002
53  2.390000e+002
54  2.184000e+001
55  0.000000e+000
56  0.000000e+000
57  0.000000e+000
58  1.547000e-002
59  7.508000e+002
60  9.890000e+001
61  1.232000e+002
62  1.695000e+002
63  2.003000e+001
64  3.629000e+002
65  3.126000e+002
66  1.645000e+002
67  0.000000e+000
68  0.000000e+000
69  0.000000e+000
70  0.000000e+000
71  1.219000e+001
72  0.000000e+000
73  2.130000e+001
74  1.789000e+002
75  1.659000e+002
76  5.878000e+002
77  6.824000e+001
78  5.981000e+000
79  3.686000e-001
80  0.000000e+000
81  0.000000e+000
82  2.584000e+000
83  5.339000e+000
84  2.495000e-001
85  1.368000e+001
86  1.421000e+002
87  5.636000e+001
88  2.080000e+002
89  8.006000e+001
90  1.147000e+000
91  4.388000e+001
92  0.000000e+000
93  0.000000e+000
94  5.795000e+000
95  1.252000e+002
96  3.709000e+001
97  2.645000e+001
98  5.746000e+002
99  8.191000e+002
100  1.148000e+002
101  7.390000e+001
102  1.767000e+000
103  0.000000e+000
104  4.750000e-002
105  0.000000e+000
106  0.000000e+000
107  4.027000e+000
108  2.886000e+000
109  1.160000e+002
110  3.745000e+001
111  4.342000e+001
112  6.848000e+001
113  0.000000e+000
114  0.000000e+000
115  9.709000e-001
116  1.341000e+000
117  0.000000e+000
118  0.000000e+000
119  1.005000e+002
120  5.793000e+001
121  6.274000e+001
122  2.269000e+002
123  5.337000e+002
124  1.197000e+002
125  4.650000e+000
126  0.000000e+000
127  0.000000e+000
128  0.000000e+000
129  1.317000e-002
130  1.909000e+000
131  2.721000e+001
132  8.460000e+001
133  2.123000e+001
134  2.060000e+002
135  3.282000e+001
136  2.899000e+001
137  6.590000e+000
138  0.000000e+000
139  0.000000e+000
140  0.000000e+000
141  0.000000e+000
   2 
1  1.418000e+001
2  5.148000e+001
3  7.357000e+001
4  4.438000e+001
5  2.039000e+001
6  8.021000e+000
7  5.434000e+000
8  4.603000e+000
9  5.344000e+000
10  7.798000e+000
11  7.772000e+000
12  1.143000e+001
13  6.808000e+000
14  7.526000e+001
15  4.666000e+001
16  5.294000e+001
17  3.124000e+001
18  1.677000e+001
19  1.176000e+001
20  1.100000e+001
21  1.118000e+001
22  1.268000e+001
23  2.693000e+001
24  1.434000e+001
25  4.715000e+001
26  1.357000e+002
27  1.361000e+002
28  9.127000e+001
29  7.254000e+001
30  4.833000e+001
31  3.348000e+001
32  2.977000e+001
33  2.730000e+001
34  2.709000e+001
35  3.402000e+001
36  3.777000e+001
37  3.782000e+001
38  6.741000e+001
39  4.738000e+001
40  3.923000e+001
41  4.177000e+001
42  2.604000e+001
43  1.599000e+001
44  1.361000e+001
45  1.400000e+001
46  1.605000e+001
47  1.892000e+001
48  4.145000e+001
49  9.491000e+001
50  1.078000e+002
51  9.258000e+001
52  1.187000e+002
53  1.128000e+002
54  6.461000e+001
55  4.527000e+001
56  3.796000e+001
57  3.913000e+001
58  3.945000e+001
59  1.108000e+002
60  7.841000e+001
61  7.609000e+001
62  6.825000e+001
63  4.009000e+001
64  6.892000e+001
65  1.133000e+002
66  8.672000e+001
67  5.387000e+001
68  4.174000e+001
69  4.093000e+001
70  4.136000e+001
71  3.904000e+001
72  3.487000e+001
73  2.933000e+001
74  3.121000e+001
75  4.862000e+001
76  1.364000e+002
77  4.948000e+001
78  3.300000e+001
79  2.250000e+001
80  1.763000e+001
81  1.753000e+001
82  1.966000e+001
83  1.914000e+001
84  1.668000e+001
85  1.395000e+001
86  1.712000e+001
87  8.019000e+000
88  5.280000e+000
89  3.370000e-002
90  0.000000e+000
91  0.000000e+000
92  0.000000e+000
93  0.000000e+000
94  0.000000e+000
95  1.428000e-001
96  7.123000e-001
97  1.649000e+000
98  1.071000e+002
99  2.196000e+002
100  5.222000e+001
101  4.101000e+001
102  2.571000e+001
103  2.011000e+001
104  1.749000e+001
105  1.774000e+001
106  1.809000e+001
107  1.670000e+001
108  1.476000e+001
109  1.271000e+001
110  8.926000e+000
111  7.767000e+000
112  5.398000e+000
113  7.871000e-002
114  0.000000e+000
115  0.000000e+000
116  0.000000e+000
117  0.000000e+000
118  0.000000e+000
119  2.102000e-001
120  3.415000e+000
121  3.248000e+000
122  4.137000e+001
123  3.864000e+001
124  1.545000e+001
125  6.499000e+000
126  1.015000e+000
127  0.000000e+000
128  0.000000e+000
129  2.140000e-001
130  2.881000e+000
131  4.199000e+000
132  4.392000e+000
133  5.309000e+000
134  1.409000e+001
135  1.574000e-001
136  0.000000e+000
137  0.000000e+000
138  0.000000e+000
139  0.000000e+000
140  0.000000e+000
141  0.000000e+000
   3 
1  3.153000e+000
2  9.252000e+001
3  1.539000e+002
4  7.451000e+001
5  1.971000e+001
6  1.262000e+000
7  0.000000e+000
8  0.000000e+000
9  0.000000e+000
10  0.000000e+000
11  4.415000e-002
12  8.964000e+000
13  8.250000e-001
14  1.184000e+002
15  1.012000e+002
16  1.213000e+002
17  6.096000e+001
18  2.341000e+001
19  3.697000e+000
20  0.000000e+000
21  0.000000e+000
22  0.000000e+000
23  3.183000e+001
24  6.502000e+000
25  7.645000e+001
26  2.331000e+002
27  2.094000e+002
28  1.289000e+002
29  1.281000e+002
30  6.656000e+001
31  3.203000e+001
32  1.495000e+001
33  6.692000e+000
34  3.405000e+000
35  1.783000e+001
36  3.047000e+001
37  4.323000e+001
38  1.017000e+002
39  6.877000e+001
40  5.108000e+001
41  7.177000e+001
42  3.243000e+001
43  1.247000e+001
44  3.297000e+000
45  9.858000e-003
46  8.298000e-003
47  9.821000e+000
48  5.948000e+001
49  1.853000e+002
50  1.699000e+002
51  1.711000e+002
52  2.138000e+002
53  1.921000e+002
54  7.857000e+001
55  3.798000e+001
56  1.692000e+001
57  8.497000e+000
58  5.040000e+000
59  1.420000e+002
60  8.834000e+001
61  8.650000e+001
62  6.516000e+001
63  2.418000e+001
64  1.125000e+002
65  2.095000e+002
66  1.541000e+002
67  7.205000e+001
68  3.628000e+001
69  1.967000e+001
70  1.165000e+001
71  6.942000e+000
72  4.459000e+000
73  2.399000e+000
74  2.922000e+001
75  3.679000e+001
76  2.330000e+002
77  7.810000e+001
78  3.628000e+001
79  1.560000e+001
80  4.376000e+000
81  6.241000e-001
82  3.916000e-001
83  6.435000e-001
84  2.365000e-001
85  0.000000e+000
86  3.261000e+001
87  3.041000e+000
88  1.272000e+001
89  2.437000e-001
90  0.000000e+000
91  0.000000e+000
92  0.000000e+000
93  0.000000e+000
94  0.000000e+000
95  0.000000e+000
96  2.324000e-001
97  4.154000e+000
98  2.440000e+002
99  3.275000e+002
100  8.695000e+001
101  5.335000e+001
102  2.119000e+001
103  6.813000e+000
104  7.831000e-001
105  0.000000e+000
106  0.000000e+000
107  0.000000e+000
108  0.000000e+000
109  5.909000e+000
110  3.954000e+000
111  4.498000e+000
112  4.077000e+000
113  0.000000e+000
114  0.000000e+000
115  0.000000e+000
116  0.000000e+000
117  0.000000e+000
118  0.000000e+000
119  0.000000e+000
120  1.353000e+001
121  9.281000e+000
122  9.907000e+001
123  8.653000e+001
124  3.471000e+001
125  7.275000e+000
126  9.290000e-002
127  0.000000e+000
128  0.000000e+000
129  0.000000e+000
130  0.000000e+000
131  0.000000e+000
132  4.315000e+000
133  6.513000e+000
134  5.366000e+001
135  2.846000e-001
136  0.000000e+000
137  0.000000e+000
138  0.000000e+000
139  0.000000e+000
140  0.000000e+000
141  0.000000e+000
   4 
1  1.413000e+001
2  7.218000e+001
3  1.030000e+002
4  3.467000e+001
5  5.497000e+000
6  0.000000e+000
7  0.000000e+000
8  0.000000e+000
9  0.000000e+000
10  3.261000e-001
11  2.803000e+000
12  1.126000e+001
13  6.562000e+000
14  9.717000e+001
15  6.172000e+001
16  4.280000e+001
17  1.309000e+001
18  1.392000e+000
19  0.000000e+000
20  0.000000e+000
21  0.000000e+000
22  8.183000e-001
23  2.729000e+001
24  1.249000e+001
25  6.430000e+001
26  1.805000e+002
27  1.685000e+002
28  7.865000e+001
29  3.360000e+001
30  5.866000e+000
31  2.844000e-002
32  1.292000e-001
33  2.576000e+000
34  8.148000e+000
35  2.640000e+001
36  3.414000e+001
37  4.101000e+001
38  8.564000e+001
39  4.834000e+001
40  2.990000e+001
41  2.562000e+001
42  4.530000e+000
43  0.000000e+000
44  0.000000e+000
45  1.013000e+000
46  7.529000e+000
47  1.666000e+001
48  4.355000e+001
49  1.079000e+002
50  1.150000e+002
51  6.904000e+001
52  9.744000e+001
53  6.833000e+001
54  1.995000e+001
55  8.812000e+000
56  6.180000e+000
57  1.608000e+001
58  2.584000e+001
59  1.283000e+002
60  8.068000e+001
61  8.312000e+001
62  6.433000e+001
63  2.593000e+001
64  6.647000e+001
65  8.900000e+001
66  5.525000e+001
67  2.536000e+001
68  2.007000e+001
69  2.772000e+001
70  3.539000e+001
71  3.812000e+001
72  3.916000e+001
73  3.672000e+001
74  4.454000e+001
75  6.075000e+001
76  1.518000e+002
77  2.721000e+001
78  1.203000e+001
79  5.915000e+000
80  3.587000e+000
81  7.330000e+000
82  1.593000e+001
83  2.169000e+001
84  2.208000e+001
85  2.002000e+001
86  3.222000e+001
87  1.244000e+001
88  9.498000e+000
89  0.000000e+000
90  0.000000e+000
91  0.000000e+000
92  0.000000e+000
93  0.000000e+000
94  0.000000e+000
95  1.296000e+000
96  3.514000e+000
97  6.686000e+000
98  1.690000e+002
99  2.483000e+002
100  1.421000e+001
101  5.118000e+000
102  0.000000e+000
103  0.000000e+000
104  0.000000e+000
105  0.000000e+000
106  8.484000e-001
107  5.555000e+000
108  8.461000e+000
109  1.160000e+001
110  6.764000e+000
111  3.674000e+000
112  2.317000e+000
113  0.000000e+000
114  0.000000e+000
115  0.000000e+000
116  0.000000e+000
117  0.000000e+000
118  0.000000e+000
119  0.000000e+000
120  7.013000e+000
121  6.013000e+000
122  6.539000e+001
123  5.435000e+001
124  7.477000e+000
125  0.000000e+000
126  0.000000e+000
127  0.000000e+000
128  0.000000e+000
129  0.000000e+000
130  0.000000e+000
131  7.551000e-001
132  4.182000e+000
133  6.343000e+000
134  2.769000e+001
135  5.872000e-002
136  0.000000e+000
137  0.000000e+000
138  0.000000e+000
139  0.000000e+000
140  0.000000e+000
141  0.000000e+000
   5 
1  1.018000e+001
2  1.414000e+002
3  2.032000e+002
4  7.265000e+001
5  9.126000e+000
6  0.000000e+000
7  0.000000e+000
8  0.000000e+000
9  0.000000e+000
10  0.000000e+000
11  1.598000e+000
12  1.253000e+001
13  2.377000e+000
14  1.545000e+002
15  1.369000e+002
16  1.006000e+002
17  3.302000e+001
18  6.700000e+000
19  0.000000e+000
20  0.000000e+000
21  0.000000e+000
22  0.000000e+000
23  4.673000e+001
24  1.415000e+001
25  1.005000e+002
26  3.014000e+002
27  2.685000e+002
28  1.172000e+002
29  6.678000e+001
30  8.055000e+000
31  3.762000e-002
32  0.000000e+000
33  0.000000e+000
34  0.000000e+000
35  2.436000e+001
36  3.213000e+001
37  6.297000e+001
38  1.371000e+002
39  8.566000e+001
40  4.506000e+001
41  4.811000e+001
42  3.214000e+000
43  0.000000e+000
44  0.000000e+000
45  0.000000e+000
46  0.000000e+000
47  2.401000e+001
48  6.240000e+001
49  1.988000e+002
50  1.734000e+002
51  1.362000e+002
52  1.772000e+002
53  1.274000e+002
54  2.214000e+001
55  2.928000e+000
56  0.000000e+000
57  0.000000e+000
58  2.368000e+000
59  1.987000e+002
60  9.049000e+001
61  9.611000e+001
62  6.538000e+001
63  1.057000e+001
64  1.201000e+002
65  1.624000e+002
66  9.652000e+001
67  2.031000e+001
68  6.355000e+000
69  6.626000e+000
70  1.025000e+001
71  1.076000e+001
72  1.079000e+001
73  9.509000e+000
74  5.039000e+001
75  3.691000e+001
76  2.463000e+002
77  3.101000e+001
78  4.526000e+000
79  5.328000e-002
80  0.000000e+000
81  0.000000e+000
82  1.235000e-002
83  9.311000e-001
84  1.408000e+000
85  8.682000e-001
86  6.013000e+001
87  8.662000e+000
88  2.573000e+001
89  1.564000e+000
90  0.000000e+000
91  2.350000e-001
92  0.000000e+000
93  0.000000e+000
94  0.000000e+000
95  1.518000e-004
96  1.223000e+000
97  9.063000e+000
98  3.337000e+002
99  3.755000e+002
100  2.659000e+001
101  1.170000e+001
102  0.000000e+000
103  0.000000e+000
104  0.000000e+000
105  0.000000e+000
106  0.000000e+000
107  0.000000e+000
108  0.000000e+000
109  1.651000e+001
110  3.953000e+000
111  7.333000e+000
112  6.522000e+000
113  0.000000e+000
114  0.000000e+000
115  0.000000e+000
116  0.000000e+000
117  0.000000e+000
118  0.000000e+000
119  1.267000e+000
120  2.112000e+001
121  1.603000e+001
122  1.439000e+002
123  1.247000e+002
124  2.370000e+001
125  1.277000e-003
126  0.000000e+000
127  0.000000e+000
128  0.000000e+000
129  0.000000e+000
130  0.000000e+000
131  0.000000e+000
132  1.028000e+001
133  9.674000e+000
134  9.249000e+001
135  7.667000e-002
136  0.000000e+000
137  0.000000e+000
138  0.000000e+000
139  0.000000e+000
140  0.000000e+000
141  0.000000e+000
   6 
1  1.682000e+002
2  3.689000e+002
3  6.407000e+002
4  5.843000e+002
5  1.297000e+002
6  1.458000e+000
7  0.000000e+000
8  0.000000e+000
9  0.000000e+000
10  3.888000e+001
11  1.701000e+002
12  8.634000e+001
13  6.146000e+001
14  6.430000e+002
15  8.329000e+002
16  5.308000e+002
17  1.889000e+002
18  4.743000e+001
19  0.000000e+000
20  0.000000e+000
21  0.000000e+000
22  1.760000e+002
23  2.301000e+002
24  3.730000e+002
25  1.502000e+002
26  6.649000e+002
27  5.810000e+002
28  6.833000e+002
29  4.404000e+002
30  8.129000e+001
31  0.000000e+000
32  8.558000e+000
33  1.495000e+000
34  2.440000e+001
35  3.323000e+002
36  1.976000e+002
37  1.833000e+002
38  3.450000e+002
39  5.962000e+002
40  4.760000e+002
41  4.697000e+002
42  5.583000e+001
43  2.548000e+000
44  2.227000e+000
45  3.542000e-001
46  3.315000e+001
47  9.831000e+002
48  3.223000e+002
49  4.913000e+002
50  3.244000e+002
51  5.798000e+002
52  5.671000e+002
53  4.184000e+002
54  4.570000e+001
55  0.000000e+000
56  0.000000e+000
57  0.000000e+000
58  4.756000e+001
59  1.425000e+003
60  1.107000e+002
61  1.601000e+002
62  3.368000e+002
63  1.100000e+002
64  7.808000e+002
65  5.971000e+002
66  3.188000e+002
67  0.000000e+000
68  0.000000e+000
69  5.597000e+000
70  1.787000e+000
71  7.196000e+001
72  9.005000e+000
73  1.251000e+002
74  4.161000e+002
75  5.581000e+002
76  9.367000e+002
77  2.126000e+002
78  1.008000e+001
79  4.901000e+000
80  0.000000e+000
81  2.395000e+000
82  6.022000e+001
83  4.290000e+001
84  7.736000e+001
85  9.069000e+001
86  2.366000e+002
87  1.929000e+002
88  4.769000e+002
89  3.232000e+002
90  1.620000e+001
91  9.864000e+001
92  0.000000e+000
93  0.000000e+000
94  5.329000e+001
95  4.705000e+002
96  1.938000e+002
97  3.813000e+001
98  6.959000e+002
99  1.128000e+003
100  3.213000e+002
101  2.333000e+002
102  6.052000e+000
103  1.257000e+000
104  8.710000e+000
105  0.000000e+000
106  1.533000e+000
107  8.302000e+001
108  2.205000e+001
109  3.302000e+002
110  1.773000e+002
111  1.268000e+002
112  2.098000e+002
113  3.268000e+001
114  0.000000e+000
115  2.347000e+001
116  5.409000e+001
117  0.000000e+000
118  4.200000e+001
119  3.306000e+002
120  1.224000e+002
121  1.428000e+002
122  2.785000e+002
123  9.324000e+002
124  2.904000e+002
125  3.015000e+001
126  1.947000e+000
127  0.000000e+000
128  0.000000e+000
129  3.044000e+001
130  6.056000e+001
131  2.017000e+002
132  3.423000e+002
133  4.446000e+001
134  2.077000e+002
135  1.829000e+002
136  1.158000e+002
137  7.585000e+001
138  1.213000e+000
139  3.670000e+001
140  0.000000e+000
141  1.142000e-001
   7 
1  2.438000e+001
2  1.981000e+002
3  2.747000e+002
4  1.086000e+002
5  1.578000e+001
6  4.128000e-001
7  0.000000e+000
8  0.000000e+000
9  0.000000e+000
10  0.000000e+000
11  7.318000e+000
12  1.772000e+001
13  7.752000e+000
14  2.003000e+002
15  2.003000e+002
16  1.401000e+002
17  4.987000e+001
18  1.352000e+001
19  0.000000e+000
20  0.000000e+000
21  0.000000e+000
22  7.153000e-001
23  7.147000e+001
24  3.718000e+001
25  1.294000e+002
26  3.803000e+002
27  3.529000e+002
28  1.491000e+002
29  7.057000e+001
30  5.969000e+000
31  8.747000e-001
32  8.649000e-001
33  1.273000e+000
34  2.916000e+000
35  4.088000e+001
36  3.774000e+001
37  9.848000e+001
38  1.822000e+002
39  1.210000e+002
40  6.782000e+001
41  6.791000e+001
42  5.635000e+000
43  8.461000e-002
44  6.679000e-004
45  1.294000e-001
46  2.079000e+000
47  6.285000e+001
48  8.498000e+001
49  2.333000e+002
50  1.937000e+002
51  1.581000e+002
52  2.174000e+002
53  1.486000e+002
54  3.471000e+001
55  2.109000e+001
56  1.632000e+001
57  1.655000e+001
58  1.706000e+001
59  3.039000e+002
60  1.048000e+002
61  1.169000e+002
62  9.033000e+001
63  1.916000e+001
64  1.659000e+002
65  1.920000e+002
66  1.079000e+002
67  2.286000e+001
68  1.780000e+001
69  1.724000e+001
70  1.749000e+001
71  1.650000e+001
72  1.569000e+001
73  1.934000e+001
74  8.582000e+001
75  5.655000e+001
76  3.119000e+002
77  3.709000e+001
78  1.199000e+001
79  7.124000e+000
80  4.461000e+000
81  4.992000e+000
82  7.208000e+000
83  8.065000e+000
84  7.539000e+000
85  8.294000e+000
86  1.007000e+002
87  2.448000e+001
88  5.479000e+001
89  7.616000e+000
90  0.000000e+000
91  4.738000e+000
92  0.000000e+000
93  0.000000e+000
94  0.000000e+000
95  7.972000e+000
96  6.894000e+000
97  1.998000e+001
98  4.467000e+002
99  4.795000e+002
100  3.367000e+001
101  2.008000e+001
102  7.581000e-001
103  0.000000e+000
104  0.000000e+000
105  0.000000e+000
106  0.000000e+000
107  5.394000e-001
108  1.264000e+000
109  3.538000e+001
110  9.452000e+000
111  1.244000e+001
112  1.339000e+001
113  0.000000e+000
114  0.000000e+000
115  0.000000e+000
116  0.000000e+000
117  0.000000e+000
118  0.000000e+000
119  7.950000e+000
120  3.682000e+001
121  2.768000e+001
122  1.966000e+002
123  1.931000e+002
124  3.757000e+001
125  1.756000e-002
126  0.000000e+000
127  0.000000e+000
128  0.000000e+000
129  0.000000e+000
130  0.000000e+000
131  0.000000e+000
132  1.890000e+001
133  1.436000e+001
134  1.476000e+002
135  2.988000e-001
136  1.980000e+000
137  0.000000e+000
138  0.000000e+000
139  0.000000e+000
140  0.000000e+000
141  0.000000e+000
   8 
1  3.884000e+001
2  2.462000e+002
3  3.451000e+002
4  1.693000e+002
5  2.358000e+001
6  6.578000e-001
7  0.000000e+000
8  0.000000e+000
9  0.000000e+000
10  0.000000e+000
11  1.964000e+001
12  2.197000e+001
13  1.230000e+001
14  2.550000e+002
15  2.931000e+002
16  2.023000e+002
17  6.841000e+001
18  1.816000e+001
19  0.000000e+000
20  0.000000e+000
21  0.000000e+000
22  8.626000e-001
23  1.016000e+002
24  7.048000e+001
25  1.480000e+002
26  4.664000e+002
27  4.208000e+002
28  2.036000e+002
29  9.794000e+001
30  3.479000e+000
31  0.000000e+000
32  0.000000e+000
33  0.000000e+000
34  0.000000e+000
35  6.583000e+001
36  4.390000e+001
37  1.377000e+002
38  2.073000e+002
39  1.834000e+002
40  1.024000e+002
41  1.054000e+002
42  6.841000e+000
43  0.000000e+000
44  0.000000e+000
45  0.000000e+000
46  4.701000e-002
47  1.381000e+002
48  1.169000e+002
49  2.786000e+002
50  2.084000e+002
51  2.130000e+002
52  2.671000e+002
53  1.830000e+002
54  1.798000e+001
55  1.903000e-001
56  0.000000e+000
57  1.868000e+000
58  5.513000e+000
59  4.520000e+002
60  1.097000e+002
61  1.288000e+002
62  1.143000e+002
63  1.664000e+001
64  2.243000e+002
65  2.380000e+002
66  1.260000e+002
67  4.283000e-001
68  0.000000e+000
69  1.591000e+000
70  5.125000e+000
71  8.587000e+000
72  8.350000e+000
73  2.173000e+001
74  1.230000e+002
75  8.007000e+001
76  4.137000e+002
77  4.161000e+001
78  2.789000e+000
79  5.306000e-001
80  0.000000e+000
81  1.799000e-001
82  2.901000e+000
83  5.419000e+000
84  5.756000e+000
85  1.030000e+001
86  1.397000e+002
87  3.251000e+001
88  1.049000e+002
89  2.598000e+001
90  0.000000e+000
91  1.726000e+001
92  0.000000e+000
93  0.000000e+000
94  6.274000e-002
95  3.622000e+001
96  1.775000e+001
97  2.942000e+001
98  5.515000e+002
99  6.216000e+002
100  5.486000e+001
101  3.304000e+001
102  1.025000e+000
103  0.000000e+000
104  0.000000e+000
105  0.000000e+000
106  0.000000e+000
107  5.749000e-001
108  1.811000e+000
109  6.507000e+001
110  1.819000e+001
111  2.194000e+001
112  2.922000e+001
113  0.000000e+000
114  0.000000e+000
115  0.000000e+000
116  0.000000e+000
117  0.000000e+000
118  0.000000e+000
119  3.079000e+001
120  4.749000e+001
121  4.432000e+001
122  2.444000e+002
123  3.090000e+002
124  6.211000e+001
125  5.508000e-001
126  0.000000e+000
127  0.000000e+000
128  0.000000e+000
129  0.000000e+000
130  0.000000e+000
131  2.752000e+000
132  3.648000e+001
133  1.981000e+001
134  2.028000e+002
135  5.649000e+000
136  7.990000e+000
137  3.543000e-001
138  0.000000e+000
139  0.000000e+000
140  0.000000e+000
141  0.000000e+000
