   1 
11  5.148000e+001
12  1.884000e+001
13  1.076000e+001
14  3.200000e+002
15  3.885000e+002
16  2.411000e+002
17  8.791000e+001
18  3.217000e+001
19  0.000000e+000
20  0.000000e+000
21  0.000000e+000
22  1.612000e+001
23  1.489000e+002
24  8.047000e+001
25  8.285000e+001
26  4.240000e+002
27  4.212000e+002
28  3.004000e+002
29  1.772000e+002
30  1.285000e+001
31  0.000000e+000
32  2.270000e-001
33  1.087000e-002
34  0.000000e+000
35  1.336000e+002
36  5.602000e+001
37  1.183000e+002
38  2.144000e+002
39  2.509000e+002
40  1.746000e+002
41  1.708000e+002
42  9.473000e+000
43  0.000000e+000
44  0.000000e+000
45  0.000000e+000
46  4.710000e-001
47  2.688000e+002
48  1.492000e+002
49  2.977000e+002
50  2.119000e+002
51  2.648000e+002
52  3.351000e+002
53  2.331000e+002
54  2.246000e+001
55  0.000000e+000
56  0.000000e+000
57  0.000000e+000
58  1.193000e-001
59  6.690000e+002
60  9.899000e+001
61  1.157000e+002
62  1.665000e+002
63  2.034000e+001
64  3.402000e+002
65  3.134000e+002
66  1.655000e+002
67  0.000000e+000
68  0.000000e+000
69  0.000000e+000
70  0.000000e+000
71  1.243000e+001
72  0.000000e+000
73  2.121000e+001
74  1.792000e+002
75  1.457000e+002
76  5.626000e+002
77  6.043000e+001
78  6.339000e+000
79  4.176000e-001
80  0.000000e+000
81  0.000000e+000
82  2.721000e+000
83  4.983000e+000
84  3.403000e-001
85  1.397000e+001
86  7.520000e+001
87  4.916000e+001
88  2.086000e+002
89  5.616000e+001
90  1.825000e-001
91  1.461000e+001
92  0.000000e+000
93  0.000000e+000
94  6.049000e+000
95  1.149000e+002
96  3.717000e+001
97  2.601000e+001
98  4.687000e+002
99  7.587000e+002
100  9.189000e+001
101  6.782000e+001
102  2.004000e+000
103  0.000000e+000
104  0.000000e+000
105  0.000000e+000
106  0.000000e+000
107  3.781000e+000
108  2.950000e+000
109  1.031000e+002
110  3.757000e+001
111  4.368000e+001
112  6.883000e+001
113  0.000000e+000
114  0.000000e+000
115  1.249000e+000
116  1.838000e+000
117  0.000000e+000
118  2.904000e-003
119  9.553000e+001
120  5.806000e+001
121  6.108000e+001
122  2.219000e+002
123  4.394000e+002
124  1.179000e+002
125  2.384000e+000
126  0.000000e+000
127  0.000000e+000
128  0.000000e+000
129  1.792000e-001
130  2.140000e+000
131  1.949000e+001
   2 
11  7.988000e+000
12  1.135000e+001
13  6.609000e+000
14  7.529000e+001
15  4.563000e+001
16  4.759000e+001
17  2.835000e+001
18  1.493000e+001
19  1.093000e+001
20  1.054000e+001
21  1.066000e+001
22  1.162000e+001
23  2.570000e+001
24  1.277000e+001
25  3.728000e+001
26  1.250000e+002
27  1.329000e+002
28  8.771000e+001
29  7.068000e+001
30  4.810000e+001
31  3.402000e+001
32  3.026000e+001
33  2.769000e+001
34  2.706000e+001
35  3.357000e+001
36  3.711000e+001
37  3.719000e+001
38  6.718000e+001
39  4.755000e+001
40  3.982000e+001
41  4.283000e+001
42  2.746000e+001
43  1.749000e+001
44  1.499000e+001
45  1.517000e+001
46  1.668000e+001
47  1.882000e+001
48  3.912000e+001
49  8.581000e+001
50  1.007000e+002
51  8.658000e+001
52  1.125000e+002
53  1.087000e+002
54  6.159000e+001
55  4.273000e+001
56  3.573000e+001
57  3.703000e+001
58  3.722000e+001
59  1.082000e+002
60  7.616000e+001
61  7.443000e+001
62  6.720000e+001
63  3.984000e+001
64  6.913000e+001
65  1.142000e+002
66  8.798000e+001
67  5.540000e+001
68  4.317000e+001
69  4.194000e+001
70  4.197000e+001
71  3.935000e+001
72  3.500000e+001
73  2.938000e+001
74  3.150000e+001
75  4.898000e+001
76  1.369000e+002
77  5.071000e+001
78  3.452000e+001
79  2.412000e+001
80  1.913000e+001
81  1.866000e+001
82  2.025000e+001
83  1.949000e+001
84  1.693000e+001
85  1.411000e+001
86  1.571000e+001
87  8.389000e+000
88  5.967000e+000
89  4.301000e-001
90  0.000000e+000
91  0.000000e+000
92  0.000000e+000
93  0.000000e+000
94  0.000000e+000
95  3.751000e-001
96  8.907000e-001
97  1.762000e+000
98  1.066000e+002
99  2.155000e+002
100  5.025000e+001
101  4.037000e+001
102  2.626000e+001
103  2.092000e+001
104  1.842000e+001
105  1.834000e+001
106  1.827000e+001
107  1.655000e+001
108  1.443000e+001
109  1.238000e+001
110  9.041000e+000
111  8.167000e+000
112  6.190000e+000
113  5.231000e-001
114  0.000000e+000
115  0.000000e+000
116  0.000000e+000
117  0.000000e+000
118  0.000000e+000
119  4.808000e-001
120  3.551000e+000
121  3.477000e+000
122  4.166000e+001
123  3.838000e+001
124  1.634000e+001
125  7.724000e+000
126  2.165000e+000
127  6.517000e-002
128  3.427000e-002
129  9.641000e-001
130  3.492000e+000
131  4.478000e+000
   3 
11  1.640000e-001
12  9.048000e+000
13  8.753000e-001
14  1.186000e+002
15  9.729000e+001
16  1.042000e+002
17  5.317000e+001
18  2.097000e+001
19  3.667000e+000
20  0.000000e+000
21  0.000000e+000
22  3.646000e-004
23  3.200000e+001
24  5.476000e+000
25  5.216000e+001
26  2.014000e+002
27  2.078000e+002
28  1.243000e+002
29  1.275000e+002
30  6.787000e+001
31  3.368000e+001
32  1.624000e+001
33  7.692000e+000
34  4.081000e+000
35  1.825000e+001
36  3.061000e+001
37  4.321000e+001
38  1.015000e+002
39  6.784000e+001
40  5.170000e+001
41  7.215000e+001
42  3.398000e+001
43  1.398000e+001
44  4.610000e+000
45  4.491000e-001
46  2.568000e-001
47  8.760000e+000
48  5.393000e+001
49  1.619000e+002
50  1.512000e+002
51  1.577000e+002
52  2.007000e+002
53  1.859000e+002
54  7.660000e+001
55  3.817000e+001
56  1.769000e+001
57  9.178000e+000
58  5.427000e+000
59  1.411000e+002
60  8.812000e+001
61  8.668000e+001
62  6.547000e+001
63  2.476000e+001
64  1.130000e+002
65  2.107000e+002
66  1.555000e+002
67  7.360000e+001
68  3.792000e+001
69  2.079000e+001
70  1.231000e+001
71  7.314000e+000
72  4.642000e+000
73  2.562000e+000
74  2.952000e+001
75  3.728000e+001
76  2.336000e+002
77  7.931000e+001
78  3.788000e+001
79  1.720000e+001
80  5.821000e+000
81  1.593000e+000
82  1.033000e+000
83  9.631000e-001
84  4.204000e-001
85  9.771000e-004
86  1.956000e+001
87  3.228000e+000
88  1.299000e+001
89  4.426000e-001
90  0.000000e+000
91  0.000000e+000
92  0.000000e+000
93  0.000000e+000
94  0.000000e+000
95  0.000000e+000
96  3.170000e-001
97  4.302000e+000
98  2.374000e+002
99  3.125000e+002
100  8.232000e+001
101  5.262000e+001
102  2.218000e+001
103  8.125000e+000
104  1.367000e+000
105  0.000000e+000
106  0.000000e+000
107  0.000000e+000
108  0.000000e+000
109  5.937000e+000
110  4.177000e+000
111  4.698000e+000
112  4.365000e+000
113  0.000000e+000
114  0.000000e+000
115  0.000000e+000
116  0.000000e+000
117  0.000000e+000
118  0.000000e+000
119  0.000000e+000
120  1.367000e+001
121  9.454000e+000
122  9.940000e+001
123  7.953000e+001
124  3.559000e+001
125  8.477000e+000
126  4.295000e-001
127  0.000000e+000
128  0.000000e+000
129  0.000000e+000
130  0.000000e+000
131  0.000000e+000
   4 
11  3.251000e+000
12  1.147000e+001
13  6.671000e+000
14  9.727000e+001
15  6.044000e+001
16  3.949000e+001
17  1.387000e+001
18  1.688000e+000
19  0.000000e+000
20  0.000000e+000
21  0.000000e+000
22  1.174000e+000
23  2.742000e+001
24  1.122000e+001
25  4.780000e+001
26  1.619000e+002
27  1.680000e+002
28  7.664000e+001
29  3.445000e+001
30  7.173000e+000
31  3.975000e-001
32  6.989000e-001
33  3.669000e+000
34  8.874000e+000
35  2.677000e+001
36  3.416000e+001
37  4.048000e+001
38  8.579000e+001
39  4.866000e+001
40  3.059000e+001
41  2.669000e+001
42  5.757000e+000
43  7.865000e-002
44  2.060000e-002
45  1.959000e+000
46  8.242000e+000
47  1.651000e+001
48  4.189000e+001
49  9.961000e+001
50  1.087000e+002
51  6.622000e+001
52  9.604000e+001
53  6.881000e+001
54  2.139000e+001
55  1.031000e+001
56  7.618000e+000
57  1.711000e+001
58  2.592000e+001
59  1.266000e+002
60  7.860000e+001
61  8.171000e+001
62  6.378000e+001
63  2.642000e+001
64  6.728000e+001
65  9.008000e+001
66  5.678000e+001
67  2.694000e+001
68  2.165000e+001
69  2.881000e+001
70  3.603000e+001
71  3.851000e+001
72  3.932000e+001
73  3.693000e+001
74  4.481000e+001
75  6.121000e+001
76  1.524000e+002
77  2.844000e+001
78  1.349000e+001
79  7.515000e+000
80  5.109000e+000
81  8.467000e+000
82  1.658000e+001
83  2.200000e+001
84  2.230000e+001
85  2.021000e+001
86  2.690000e+001
87  1.288000e+001
88  9.986000e+000
89  1.425000e-002
90  0.000000e+000
91  0.000000e+000
92  0.000000e+000
93  0.000000e+000
94  0.000000e+000
95  1.609000e+000
96  3.714000e+000
97  6.799000e+000
98  1.665000e+002
99  2.422000e+002
100  1.469000e+001
101  6.069000e+000
102  1.774000e-002
103  0.000000e+000
104  0.000000e+000
105  0.000000e+000
106  1.364000e+000
107  6.018000e+000
108  8.697000e+000
109  1.178000e+001
110  7.091000e+000
111  4.058000e+000
112  2.564000e+000
113  0.000000e+000
114  0.000000e+000
115  0.000000e+000
116  0.000000e+000
117  0.000000e+000
118  0.000000e+000
119  0.000000e+000
120  7.190000e+000
121  6.237000e+000
122  6.572000e+001
123  5.216000e+001
124  8.141000e+000
125  2.805000e-003
126  0.000000e+000
127  0.000000e+000
128  0.000000e+000
129  0.000000e+000
130  0.000000e+000
131  1.049000e+000
   5 
11  1.762000e+000
12  1.262000e+001
13  2.458000e+000
14  1.547000e+002
15  1.310000e+002
16  8.488000e+001
17  3.084000e+001
18  7.046000e+000
19  0.000000e+000
20  0.000000e+000
21  0.000000e+000
22  0.000000e+000
23  4.692000e+001
24  1.037000e+001
25  6.519000e+001
26  2.524000e+002
27  2.680000e+002
28  1.109000e+002
29  6.662000e+001
30  9.351000e+000
31  1.749000e-001
32  0.000000e+000
33  0.000000e+000
34  0.000000e+000
35  2.480000e+001
36  3.229000e+001
37  6.262000e+001
38  1.351000e+002
39  8.227000e+001
40  4.529000e+001
41  4.779000e+001
42  3.649000e+000
43  0.000000e+000
44  0.000000e+000
45  0.000000e+000
46  0.000000e+000
47  1.937000e+001
48  5.819000e+001
49  1.773000e+002
50  1.541000e+002
51  1.236000e+002
52  1.730000e+002
53  1.267000e+002
54  2.355000e+001
55  3.800000e+000
56  0.000000e+000
57  5.546000e-002
58  3.054000e+000
59  1.958000e+002
60  9.050000e+001
61  9.628000e+001
62  6.571000e+001
63  1.112000e+001
64  1.200000e+002
65  1.635000e+002
66  9.802000e+001
67  2.194000e+001
68  7.836000e+000
69  7.775000e+000
70  1.091000e+001
71  1.119000e+001
72  1.098000e+001
73  9.669000e+000
74  5.067000e+001
75  3.732000e+001
76  2.470000e+002
77  3.216000e+001
78  5.939000e+000
79  2.376000e-001
80  0.000000e+000
81  0.000000e+000
82  1.467000e-001
83  1.286000e+000
84  1.639000e+000
85  1.097000e+000
86  3.512000e+001
87  8.903000e+000
88  2.614000e+001
89  1.815000e+000
90  0.000000e+000
91  2.499000e-002
92  0.000000e+000
93  0.000000e+000
94  0.000000e+000
95  4.552000e-002
96  1.321000e+000
97  9.247000e+000
98  3.170000e+002
99  3.552000e+002
100  2.497000e+001
101  1.236000e+001
102  0.000000e+000
103  0.000000e+000
104  0.000000e+000
105  0.000000e+000
106  0.000000e+000
107  0.000000e+000
108  0.000000e+000
109  1.654000e+001
110  4.266000e+000
111  7.554000e+000
112  6.777000e+000
113  0.000000e+000
114  0.000000e+000
115  0.000000e+000
116  0.000000e+000
117  0.000000e+000
118  0.000000e+000
119  1.441000e+000
120  2.125000e+001
121  1.630000e+001
122  1.438000e+002
123  1.093000e+002
124  2.434000e+001
125  7.698000e-003
126  0.000000e+000
127  0.000000e+000
128  0.000000e+000
129  0.000000e+000
130  0.000000e+000
131  0.000000e+000
   6 
11  1.552000e+002
12  4.302000e+001
13  2.647000e+001
14  5.700000e+002
15  6.736000e+002
16  4.030000e+002
17  1.391000e+002
18  4.825000e+001
19  0.000000e+000
20  0.000000e+000
21  0.000000e+000
22  1.601000e+002
23  2.288000e+002
24  2.329000e+002
25  8.619000e+001
26  5.443000e+002
27  5.534000e+002
28  5.847000e+002
29  3.866000e+002
30  6.358000e+001
31  0.000000e+000
32  8.792000e+000
33  1.664000e+000
34  2.510000e+001
35  3.272000e+002
36  1.501000e+002
37  1.504000e+002
38  3.039000e+002
39  4.612000e+002
40  4.118000e+002
41  3.908000e+002
42  2.526000e+001
43  2.805000e+000
44  2.608000e+000
45  4.285000e-001
46  1.820000e+001
47  7.670000e+002
48  2.648000e+002
49  3.959000e+002
50  2.877000e+002
51  4.778000e+002
52  5.315000e+002
53  3.903000e+002
54  4.643000e+001
55  0.000000e+000
56  0.000000e+000
57  0.000000e+000
58  4.396000e+001
59  1.228000e+003
60  1.076000e+002
61  1.304000e+002
62  3.185000e+002
63  9.498000e+001
64  6.920000e+002
65  5.726000e+002
66  3.196000e+002
67  0.000000e+000
68  0.000000e+000
69  9.988000e-001
70  1.820000e+000
71  7.228000e+001
72  9.230000e+000
73  1.014000e+002
74  4.020000e+002
75  4.564000e+002
76  8.416000e+002
77  1.749000e+002
78  1.070000e+001
79  5.418000e+000
80  0.000000e+000
81  6.584000e-001
82  4.888000e+001
83  2.053000e+001
84  6.518000e+001
85  8.924000e+001
86  1.546000e+002
87  1.617000e+002
88  4.660000e+002
89  2.415000e+002
90  6.521000e+000
91  3.723000e+001
92  0.000000e+000
93  0.000000e+000
94  5.361000e+001
95  3.897000e+002
96  1.785000e+002
97  3.019000e+001
98  4.961000e+002
99  1.029000e+003
100  2.533000e+002
101  2.006000e+002
102  5.200000e+000
103  1.217000e-002
104  2.487000e+000
105  0.000000e+000
106  1.139000e-001
107  7.439000e+001
108  1.958000e+001
109  2.665000e+002
110  1.655000e+002
111  1.214000e+002
112  1.856000e+002
113  3.074000e+001
114  0.000000e+000
115  2.388000e+001
116  5.429000e+001
117  1.158000e-004
118  3.867000e+001
119  2.909000e+002
120  1.215000e+002
121  1.175000e+002
122  2.655000e+002
123  7.599000e+002
124  2.545000e+002
125  1.261000e+001
126  4.231000e-001
127  0.000000e+000
128  0.000000e+000
129  2.866000e+001
130  5.727000e+001
131  1.532000e+002
   7 
11  7.703000e+000
12  1.779000e+001
13  7.570000e+000
14  2.000000e+002
15  1.871000e+002
16  1.134000e+002
17  4.377000e+001
18  1.367000e+001
19  0.000000e+000
20  0.000000e+000
21  0.000000e+000
22  5.186000e-001
23  7.094000e+001
24  2.531000e+001
25  7.871000e+001
26  3.062000e+002
27  3.502000e+002
28  1.381000e+002
29  6.896000e+001
30  7.177000e+000
31  2.337000e+000
32  2.128000e+000
33  2.260000e+000
34  3.580000e+000
35  4.105000e+001
36  3.745000e+001
37  9.523000e+001
38  1.756000e+002
39  1.114000e+002
40  6.664000e+001
41  6.570000e+001
42  6.101000e+000
43  1.053000e+000
44  3.972000e-001
45  6.943000e-001
46  2.750000e+000
47  4.898000e+001
48  7.811000e+001
49  2.103000e+002
50  1.711000e+002
51  1.393000e+002
52  2.126000e+002
53  1.449000e+002
54  3.297000e+001
55  2.026000e+001
56  1.587000e+001
57  1.578000e+001
58  1.580000e+001
59  2.895000e+002
60  1.027000e+002
61  1.149000e+002
62  8.928000e+001
63  1.884000e+001
64  1.633000e+002
65  1.928000e+002
66  1.093000e+002
67  2.437000e+001
68  1.923000e+001
69  1.826000e+001
70  1.804000e+001
71  1.676000e+001
72  1.567000e+001
73  1.915000e+001
74  8.617000e+001
75  5.649000e+001
76  3.113000e+002
77  3.771000e+001
78  1.345000e+001
79  8.688000e+000
80  5.933000e+000
81  6.115000e+000
82  7.836000e+000
83  8.376000e+000
84  7.754000e+000
85  8.468000e+000
86  5.916000e+001
87  2.471000e+001
88  5.560000e+001
89  7.071000e+000
90  0.000000e+000
91  1.432000e+000
92  0.000000e+000
93  0.000000e+000
94  0.000000e+000
95  8.202000e+000
96  6.980000e+000
97  1.992000e+001
98  4.105000e+002
99  4.478000e+002
100  2.903000e+001
101  2.048000e+001
102  9.169000e-001
103  0.000000e+000
104  0.000000e+000
105  0.000000e+000
106  1.023000e-003
107  7.831000e-001
108  1.460000e+000
109  3.534000e+001
110  9.846000e+000
111  1.270000e+001
112  1.369000e+001
113  0.000000e+000
114  0.000000e+000
115  0.000000e+000
116  0.000000e+000
117  0.000000e+000
118  0.000000e+000
119  8.183000e+000
120  3.696000e+001
121  2.794000e+001
122  1.946000e+002
123  1.639000e+002
124  3.827000e+001
125  3.504000e-002
126  0.000000e+000
127  0.000000e+000
128  0.000000e+000
129  0.000000e+000
130  0.000000e+000
131  1.656000e-002
   8 
11  1.986000e+001
12  2.150000e+001
13  1.090000e+001
14  2.525000e+002
15  2.646000e+002
16  1.591000e+002
17  5.799000e+001
18  1.885000e+001
19  0.000000e+000
20  0.000000e+000
21  0.000000e+000
22  9.572000e-001
23  1.014000e+002
24  4.447000e+001
25  8.524000e+001
26  3.705000e+002
27  4.170000e+002
28  1.842000e+002
29  9.415000e+001
30  4.095000e+000
31  0.000000e+000
32  0.000000e+000
33  0.000000e+000
34  2.197000e-002
35  6.589000e+001
36  4.112000e+001
37  1.284000e+002
38  1.935000e+002
39  1.600000e+002
40  9.765000e+001
41  9.835000e+001
42  5.007000e+000
43  0.000000e+000
44  0.000000e+000
45  0.000000e+000
46  1.251000e-001
47  1.047000e+002
48  1.049000e+002
49  2.466000e+002
50  1.841000e+002
51  1.835000e+002
52  2.623000e+002
53  1.800000e+002
54  1.818000e+001
55  2.601000e-001
56  0.000000e+000
57  1.931000e+000
58  4.795000e+000
59  4.166000e+002
60  1.078000e+002
61  1.255000e+002
62  1.128000e+002
63  1.616000e+001
64  2.168000e+002
65  2.387000e+002
66  1.273000e+002
67  1.274000e+000
68  3.183000e-001
69  2.573000e+000
70  5.472000e+000
71  8.480000e+000
72  7.918000e+000
73  2.111000e+001
74  1.230000e+002
75  7.680000e+001
76  4.082000e+002
77  4.044000e+001
78  3.753000e+000
79  7.210000e-001
80  0.000000e+000
81  5.210000e-001
82  3.510000e+000
83  5.520000e+000
84  5.695000e+000
85  1.022000e+001
86  7.758000e+001
87  3.089000e+001
88  1.057000e+002
89  2.070000e+001
90  0.000000e+000
91  5.607000e+000
92  0.000000e+000
93  0.000000e+000
94  2.144000e-001
95  3.535000e+001
96  1.753000e+001
97  2.866000e+001
98  4.830000e+002
99  5.789000e+002
100  4.515000e+001
101  3.177000e+001
102  1.217000e+000
103  0.000000e+000
104  0.000000e+000
105  0.000000e+000
106  0.000000e+000
107  6.905000e-001
108  1.750000e+000
109  6.321000e+001
110  1.842000e+001
111  2.224000e+001
112  2.958000e+001
113  0.000000e+000
114  0.000000e+000
115  0.000000e+000
116  0.000000e+000
117  0.000000e+000
118  0.000000e+000
119  3.088000e+001
120  4.749000e+001
121  4.449000e+001
122  2.386000e+002
123  2.573000e+002
124  6.279000e+001
125  6.603000e-001
126  0.000000e+000
127  0.000000e+000
128  0.000000e+000
129  0.000000e+000
130  0.000000e+000
131  2.170000e+000
   1 
11  5.148000e+001
12  1.884000e+001
13  1.076000e+001
14  3.200000e+002
15  3.885000e+002
16  2.411000e+002
17  8.791000e+001
18  3.217000e+001
19  0.000000e+000
20  0.000000e+000
21  0.000000e+000
22  1.612000e+001
23  1.489000e+002
24  8.047000e+001
25  8.285000e+001
26  4.240000e+002
27  4.212000e+002
28  3.004000e+002
29  1.772000e+002
30  1.285000e+001
31  0.000000e+000
32  2.270000e-001
33  1.087000e-002
34  0.000000e+000
35  1.336000e+002
36  5.602000e+001
37  1.183000e+002
38  2.144000e+002
39  2.509000e+002
40  1.746000e+002
41  1.708000e+002
42  9.473000e+000
43  0.000000e+000
44  0.000000e+000
45  0.000000e+000
46  4.710000e-001
47  2.688000e+002
48  1.492000e+002
49  2.977000e+002
50  2.119000e+002
51  2.648000e+002
52  3.351000e+002
53  2.331000e+002
54  2.246000e+001
55  0.000000e+000
56  0.000000e+000
57  0.000000e+000
58  1.193000e-001
59  6.690000e+002
60  9.899000e+001
61  1.157000e+002
62  1.665000e+002
63  2.034000e+001
64  3.402000e+002
65  3.134000e+002
66  1.655000e+002
67  0.000000e+000
68  0.000000e+000
69  0.000000e+000
70  0.000000e+000
71  1.243000e+001
72  0.000000e+000
73  2.121000e+001
74  1.792000e+002
75  1.457000e+002
76  5.626000e+002
77  6.043000e+001
78  6.339000e+000
79  4.176000e-001
80  0.000000e+000
81  0.000000e+000
82  2.721000e+000
83  4.983000e+000
84  3.403000e-001
85  1.397000e+001
86  7.520000e+001
87  4.916000e+001
88  2.086000e+002
89  5.616000e+001
90  1.825000e-001
91  1.461000e+001
92  0.000000e+000
93  0.000000e+000
94  6.049000e+000
95  1.149000e+002
96  3.717000e+001
97  2.601000e+001
98  4.687000e+002
99  7.587000e+002
100  9.189000e+001
101  6.782000e+001
102  2.004000e+000
103  0.000000e+000
104  0.000000e+000
105  0.000000e+000
106  0.000000e+000
107  3.781000e+000
108  2.950000e+000
109  1.031000e+002
110  3.757000e+001
111  4.368000e+001
112  6.883000e+001
113  0.000000e+000
114  0.000000e+000
115  1.249000e+000
116  1.838000e+000
117  0.000000e+000
118  2.904000e-003
119  9.553000e+001
120  5.806000e+001
121  6.108000e+001
122  2.219000e+002
123  4.394000e+002
124  1.179000e+002
125  2.384000e+000
126  0.000000e+000
127  0.000000e+000
128  0.000000e+000
129  1.792000e-001
130  2.140000e+000
131  1.949000e+001
   2 
11  7.988000e+000
12  1.135000e+001
13  6.609000e+000
14  7.529000e+001
15  4.563000e+001
16  4.759000e+001
17  2.835000e+001
18  1.493000e+001
19  1.093000e+001
20  1.054000e+001
21  1.066000e+001
22  1.162000e+001
23  2.570000e+001
24  1.277000e+001
25  3.728000e+001
26  1.250000e+002
27  1.329000e+002
28  8.771000e+001
29  7.068000e+001
30  4.810000e+001
31  3.402000e+001
32  3.026000e+001
33  2.769000e+001
34  2.706000e+001
35  3.357000e+001
36  3.711000e+001
37  3.719000e+001
38  6.718000e+001
39  4.755000e+001
40  3.982000e+001
41  4.283000e+001
42  2.746000e+001
43  1.749000e+001
44  1.499000e+001
45  1.517000e+001
46  1.668000e+001
47  1.882000e+001
48  3.912000e+001
49  8.581000e+001
50  1.007000e+002
51  8.658000e+001
52  1.125000e+002
53  1.087000e+002
54  6.159000e+001
55  4.273000e+001
56  3.573000e+001
57  3.703000e+001
58  3.722000e+001
59  1.082000e+002
60  7.616000e+001
61  7.443000e+001
62  6.720000e+001
63  3.984000e+001
64  6.913000e+001
65  1.142000e+002
66  8.798000e+001
67  5.540000e+001
68  4.317000e+001
69  4.194000e+001
70  4.197000e+001
71  3.935000e+001
72  3.500000e+001
73  2.938000e+001
74  3.150000e+001
75  4.898000e+001
76  1.369000e+002
77  5.071000e+001
78  3.452000e+001
79  2.412000e+001
80  1.913000e+001
81  1.866000e+001
82  2.025000e+001
83  1.949000e+001
84  1.693000e+001
85  1.411000e+001
86  1.571000e+001
87  8.389000e+000
88  5.967000e+000
89  4.301000e-001
90  0.000000e+000
91  0.000000e+000
92  0.000000e+000
93  0.000000e+000
94  0.000000e+000
95  3.751000e-001
96  8.907000e-001
97  1.762000e+000
98  1.066000e+002
99  2.155000e+002
100  5.025000e+001
101  4.037000e+001
102  2.626000e+001
103  2.092000e+001
104  1.842000e+001
105  1.834000e+001
106  1.827000e+001
107  1.655000e+001
108  1.443000e+001
109  1.238000e+001
110  9.041000e+000
111  8.167000e+000
112  6.190000e+000
113  5.231000e-001
114  0.000000e+000
115  0.000000e+000
116  0.000000e+000
117  0.000000e+000
118  0.000000e+000
119  4.808000e-001
120  3.551000e+000
121  3.477000e+000
122  4.166000e+001
123  3.838000e+001
124  1.634000e+001
125  7.724000e+000
126  2.165000e+000
127  6.517000e-002
128  3.427000e-002
129  9.641000e-001
130  3.492000e+000
131  4.478000e+000
   3 
11  1.640000e-001
12  9.048000e+000
13  8.753000e-001
14  1.186000e+002
15  9.729000e+001
16  1.042000e+002
17  5.317000e+001
18  2.097000e+001
19  3.667000e+000
20  0.000000e+000
21  0.000000e+000
22  3.646000e-004
23  3.200000e+001
24  5.476000e+000
25  5.216000e+001
26  2.014000e+002
27  2.078000e+002
28  1.243000e+002
29  1.275000e+002
30  6.787000e+001
31  3.368000e+001
32  1.624000e+001
33  7.692000e+000
34  4.081000e+000
35  1.825000e+001
36  3.061000e+001
37  4.321000e+001
38  1.015000e+002
39  6.784000e+001
40  5.170000e+001
41  7.215000e+001
42  3.398000e+001
43  1.398000e+001
44  4.610000e+000
45  4.491000e-001
46  2.568000e-001
47  8.760000e+000
48  5.393000e+001
49  1.619000e+002
50  1.512000e+002
51  1.577000e+002
52  2.007000e+002
53  1.859000e+002
54  7.660000e+001
55  3.817000e+001
56  1.769000e+001
57  9.178000e+000
58  5.427000e+000
59  1.411000e+002
60  8.812000e+001
61  8.668000e+001
62  6.547000e+001
63  2.476000e+001
64  1.130000e+002
65  2.107000e+002
66  1.555000e+002
67  7.360000e+001
68  3.792000e+001
69  2.079000e+001
70  1.231000e+001
71  7.314000e+000
72  4.642000e+000
73  2.562000e+000
74  2.952000e+001
75  3.728000e+001
76  2.336000e+002
77  7.931000e+001
78  3.788000e+001
79  1.720000e+001
80  5.821000e+000
81  1.593000e+000
82  1.033000e+000
83  9.631000e-001
84  4.204000e-001
85  9.771000e-004
86  1.956000e+001
87  3.228000e+000
88  1.299000e+001
89  4.426000e-001
90  0.000000e+000
91  0.000000e+000
92  0.000000e+000
93  0.000000e+000
94  0.000000e+000
95  0.000000e+000
96  3.170000e-001
97  4.302000e+000
98  2.374000e+002
99  3.125000e+002
100  8.232000e+001
101  5.262000e+001
102  2.218000e+001
103  8.125000e+000
104  1.367000e+000
105  0.000000e+000
106  0.000000e+000
107  0.000000e+000
108  0.000000e+000
109  5.937000e+000
110  4.177000e+000
111  4.698000e+000
112  4.365000e+000
113  0.000000e+000
114  0.000000e+000
115  0.000000e+000
116  0.000000e+000
117  0.000000e+000
118  0.000000e+000
119  0.000000e+000
120  1.367000e+001
121  9.454000e+000
122  9.940000e+001
123  7.953000e+001
124  3.559000e+001
125  8.477000e+000
126  4.295000e-001
127  0.000000e+000
128  0.000000e+000
129  0.000000e+000
130  0.000000e+000
131  0.000000e+000
   4 
11  3.251000e+000
12  1.147000e+001
13  6.671000e+000
14  9.727000e+001
15  6.044000e+001
16  3.949000e+001
17  1.387000e+001
18  1.688000e+000
19  0.000000e+000
20  0.000000e+000
21  0.000000e+000
22  1.174000e+000
23  2.742000e+001
24  1.122000e+001
25  4.780000e+001
26  1.619000e+002
27  1.680000e+002
28  7.664000e+001
29  3.445000e+001
30  7.173000e+000
31  3.975000e-001
32  6.989000e-001
33  3.669000e+000
34  8.874000e+000
35  2.677000e+001
36  3.416000e+001
37  4.048000e+001
38  8.579000e+001
39  4.866000e+001
40  3.059000e+001
41  2.669000e+001
42  5.757000e+000
43  7.865000e-002
44  2.060000e-002
45  1.959000e+000
46  8.242000e+000
47  1.651000e+001
48  4.189000e+001
49  9.961000e+001
50  1.087000e+002
51  6.622000e+001
52  9.604000e+001
53  6.881000e+001
54  2.139000e+001
55  1.031000e+001
56  7.618000e+000
57  1.711000e+001
58  2.592000e+001
59  1.266000e+002
60  7.860000e+001
61  8.171000e+001
62  6.378000e+001
63  2.642000e+001
64  6.728000e+001
65  9.008000e+001
66  5.678000e+001
67  2.694000e+001
68  2.165000e+001
69  2.881000e+001
70  3.603000e+001
71  3.851000e+001
72  3.932000e+001
73  3.693000e+001
74  4.481000e+001
75  6.121000e+001
76  1.524000e+002
77  2.844000e+001
78  1.349000e+001
79  7.515000e+000
80  5.109000e+000
81  8.467000e+000
82  1.658000e+001
83  2.200000e+001
84  2.230000e+001
85  2.021000e+001
86  2.690000e+001
87  1.288000e+001
88  9.986000e+000
89  1.425000e-002
90  0.000000e+000
91  0.000000e+000
92  0.000000e+000
93  0.000000e+000
94  0.000000e+000
95  1.609000e+000
96  3.714000e+000
97  6.799000e+000
98  1.665000e+002
99  2.422000e+002
100  1.469000e+001
101  6.069000e+000
102  1.774000e-002
103  0.000000e+000
104  0.000000e+000
105  0.000000e+000
106  1.364000e+000
107  6.018000e+000
108  8.697000e+000
109  1.178000e+001
110  7.091000e+000
111  4.058000e+000
112  2.564000e+000
113  0.000000e+000
114  0.000000e+000
115  0.000000e+000
116  0.000000e+000
117  0.000000e+000
118  0.000000e+000
119  0.000000e+000
120  7.190000e+000
121  6.237000e+000
122  6.572000e+001
123  5.216000e+001
124  8.141000e+000
125  2.805000e-003
126  0.000000e+000
127  0.000000e+000
128  0.000000e+000
129  0.000000e+000
130  0.000000e+000
131  1.049000e+000
   5 
11  1.762000e+000
12  1.262000e+001
13  2.458000e+000
14  1.547000e+002
15  1.310000e+002
16  8.488000e+001
17  3.084000e+001
18  7.046000e+000
19  0.000000e+000
20  0.000000e+000
21  0.000000e+000
22  0.000000e+000
23  4.692000e+001
24  1.037000e+001
25  6.519000e+001
26  2.524000e+002
27  2.680000e+002
28  1.109000e+002
29  6.662000e+001
30  9.351000e+000
31  1.749000e-001
32  0.000000e+000
33  0.000000e+000
34  0.000000e+000
35  2.480000e+001
36  3.229000e+001
37  6.262000e+001
38  1.351000e+002
39  8.227000e+001
40  4.529000e+001
41  4.779000e+001
42  3.649000e+000
43  0.000000e+000
44  0.000000e+000
45  0.000000e+000
46  0.000000e+000
47  1.937000e+001
48  5.819000e+001
49  1.773000e+002
50  1.541000e+002
51  1.236000e+002
52  1.730000e+002
53  1.267000e+002
54  2.355000e+001
55  3.800000e+000
56  0.000000e+000
57  5.546000e-002
58  3.054000e+000
59  1.958000e+002
60  9.050000e+001
61  9.628000e+001
62  6.571000e+001
63  1.112000e+001
64  1.200000e+002
65  1.635000e+002
66  9.802000e+001
67  2.194000e+001
68  7.836000e+000
69  7.775000e+000
70  1.091000e+001
71  1.119000e+001
72  1.098000e+001
73  9.669000e+000
74  5.067000e+001
75  3.732000e+001
76  2.470000e+002
77  3.216000e+001
78  5.939000e+000
79  2.376000e-001
80  0.000000e+000
81  0.000000e+000
82  1.467000e-001
83  1.286000e+000
84  1.639000e+000
85  1.097000e+000
86  3.512000e+001
87  8.903000e+000
88  2.614000e+001
89  1.815000e+000
90  0.000000e+000
91  2.499000e-002
92  0.000000e+000
93  0.000000e+000
94  0.000000e+000
95  4.552000e-002
96  1.321000e+000
97  9.247000e+000
98  3.170000e+002
99  3.552000e+002
100  2.497000e+001
101  1.236000e+001
102  0.000000e+000
103  0.000000e+000
104  0.000000e+000
105  0.000000e+000
106  0.000000e+000
107  0.000000e+000
108  0.000000e+000
109  1.654000e+001
110  4.266000e+000
111  7.554000e+000
112  6.777000e+000
113  0.000000e+000
114  0.000000e+000
115  0.000000e+000
116  0.000000e+000
117  0.000000e+000
118  0.000000e+000
119  1.441000e+000
120  2.125000e+001
121  1.630000e+001
122  1.438000e+002
123  1.093000e+002
124  2.434000e+001
125  7.698000e-003
126  0.000000e+000
127  0.000000e+000
128  0.000000e+000
129  0.000000e+000
130  0.000000e+000
131  0.000000e+000
   6 
11  1.552000e+002
12  4.302000e+001
13  2.647000e+001
14  5.700000e+002
15  6.736000e+002
16  4.030000e+002
17  1.391000e+002
18  4.825000e+001
19  0.000000e+000
20  0.000000e+000
21  0.000000e+000
22  1.601000e+002
23  2.288000e+002
24  2.329000e+002
25  8.619000e+001
26  5.443000e+002
27  5.534000e+002
28  5.847000e+002
29  3.866000e+002
30  6.358000e+001
31  0.000000e+000
32  8.792000e+000
33  1.664000e+000
34  2.510000e+001
35  3.272000e+002
36  1.501000e+002
37  1.504000e+002
38  3.039000e+002
39  4.612000e+002
40  4.118000e+002
41  3.908000e+002
42  2.526000e+001
43  2.805000e+000
44  2.608000e+000
45  4.285000e-001
46  1.820000e+001
47  7.670000e+002
48  2.648000e+002
49  3.959000e+002
50  2.877000e+002
51  4.778000e+002
52  5.315000e+002
53  3.903000e+002
54  4.643000e+001
55  0.000000e+000
56  0.000000e+000
57  0.000000e+000
58  4.396000e+001
59  1.228000e+003
60  1.076000e+002
61  1.304000e+002
62  3.185000e+002
63  9.498000e+001
64  6.920000e+002
65  5.726000e+002
66  3.196000e+002
67  0.000000e+000
68  0.000000e+000
69  9.988000e-001
70  1.820000e+000
71  7.228000e+001
72  9.230000e+000
73  1.014000e+002
74  4.020000e+002
75  4.564000e+002
76  8.416000e+002
77  1.749000e+002
78  1.070000e+001
79  5.418000e+000
80  0.000000e+000
81  6.584000e-001
82  4.888000e+001
83  2.053000e+001
84  6.518000e+001
85  8.924000e+001
86  1.546000e+002
87  1.617000e+002
88  4.660000e+002
89  2.415000e+002
90  6.521000e+000
91  3.723000e+001
92  0.000000e+000
93  0.000000e+000
94  5.361000e+001
95  3.897000e+002
96  1.785000e+002
97  3.019000e+001
98  4.961000e+002
99  1.029000e+003
100  2.533000e+002
101  2.006000e+002
102  5.200000e+000
103  1.217000e-002
104  2.487000e+000
105  0.000000e+000
106  1.139000e-001
107  7.439000e+001
108  1.958000e+001
109  2.665000e+002
110  1.655000e+002
111  1.214000e+002
112  1.856000e+002
113  3.074000e+001
114  0.000000e+000
115  2.388000e+001
116  5.429000e+001
117  1.158000e-004
118  3.867000e+001
119  2.909000e+002
120  1.215000e+002
121  1.175000e+002
122  2.655000e+002
123  7.599000e+002
124  2.545000e+002
125  1.261000e+001
126  4.231000e-001
127  0.000000e+000
128  0.000000e+000
129  2.866000e+001
130  5.727000e+001
131  1.532000e+002
   7 
11  7.703000e+000
12  1.779000e+001
13  7.570000e+000
14  2.000000e+002
15  1.871000e+002
16  1.134000e+002
17  4.377000e+001
18  1.367000e+001
19  0.000000e+000
20  0.000000e+000
21  0.000000e+000
22  5.186000e-001
23  7.094000e+001
24  2.531000e+001
25  7.871000e+001
26  3.062000e+002
27  3.502000e+002
28  1.381000e+002
29  6.896000e+001
30  7.177000e+000
31  2.337000e+000
32  2.128000e+000
33  2.260000e+000
34  3.580000e+000
35  4.105000e+001
36  3.745000e+001
37  9.523000e+001
38  1.756000e+002
39  1.114000e+002
40  6.664000e+001
41  6.570000e+001
42  6.101000e+000
43  1.053000e+000
44  3.972000e-001
45  6.943000e-001
46  2.750000e+000
47  4.898000e+001
48  7.811000e+001
49  2.103000e+002
50  1.711000e+002
51  1.393000e+002
52  2.126000e+002
53  1.449000e+002
54  3.297000e+001
55  2.026000e+001
56  1.587000e+001
57  1.578000e+001
58  1.580000e+001
59  2.895000e+002
60  1.027000e+002
61  1.149000e+002
62  8.928000e+001
63  1.884000e+001
64  1.633000e+002
65  1.928000e+002
66  1.093000e+002
67  2.437000e+001
68  1.923000e+001
69  1.826000e+001
70  1.804000e+001
71  1.676000e+001
72  1.567000e+001
73  1.915000e+001
74  8.617000e+001
75  5.649000e+001
76  3.113000e+002
77  3.771000e+001
78  1.345000e+001
79  8.688000e+000
80  5.933000e+000
81  6.115000e+000
82  7.836000e+000
83  8.376000e+000
84  7.754000e+000
85  8.468000e+000
86  5.916000e+001
87  2.471000e+001
88  5.560000e+001
89  7.071000e+000
90  0.000000e+000
91  1.432000e+000
92  0.000000e+000
93  0.000000e+000
94  0.000000e+000
95  8.202000e+000
96  6.980000e+000
97  1.992000e+001
98  4.105000e+002
99  4.478000e+002
100  2.903000e+001
101  2.048000e+001
102  9.169000e-001
103  0.000000e+000
104  0.000000e+000
105  0.000000e+000
106  1.023000e-003
107  7.831000e-001
108  1.460000e+000
109  3.534000e+001
110  9.846000e+000
111  1.270000e+001
112  1.369000e+001
113  0.000000e+000
114  0.000000e+000
115  0.000000e+000
116  0.000000e+000
117  0.000000e+000
118  0.000000e+000
119  8.183000e+000
120  3.696000e+001
121  2.794000e+001
122  1.946000e+002
123  1.639000e+002
124  3.827000e+001
125  3.504000e-002
126  0.000000e+000
127  0.000000e+000
128  0.000000e+000
129  0.000000e+000
130  0.000000e+000
131  1.656000e-002
   8 
11  1.986000e+001
12  2.150000e+001
13  1.090000e+001
14  2.525000e+002
15  2.646000e+002
16  1.591000e+002
17  5.799000e+001
18  1.885000e+001
19  0.000000e+000
20  0.000000e+000
21  0.000000e+000
22  9.572000e-001
23  1.014000e+002
24  4.447000e+001
25  8.524000e+001
26  3.705000e+002
27  4.170000e+002
28  1.842000e+002
29  9.415000e+001
30  4.095000e+000
31  0.000000e+000
32  0.000000e+000
33  0.000000e+000
34  2.197000e-002
35  6.589000e+001
36  4.112000e+001
37  1.284000e+002
38  1.935000e+002
39  1.600000e+002
40  9.765000e+001
41  9.835000e+001
42  5.007000e+000
43  0.000000e+000
44  0.000000e+000
45  0.000000e+000
46  1.251000e-001
47  1.047000e+002
48  1.049000e+002
49  2.466000e+002
50  1.841000e+002
51  1.835000e+002
52  2.623000e+002
53  1.800000e+002
54  1.818000e+001
55  2.601000e-001
56  0.000000e+000
57  1.931000e+000
58  4.795000e+000
59  4.166000e+002
60  1.078000e+002
61  1.255000e+002
62  1.128000e+002
63  1.616000e+001
64  2.168000e+002
65  2.387000e+002
66  1.273000e+002
67  1.274000e+000
68  3.183000e-001
69  2.573000e+000
70  5.472000e+000
71  8.480000e+000
72  7.918000e+000
73  2.111000e+001
74  1.230000e+002
75  7.680000e+001
76  4.082000e+002
77  4.044000e+001
78  3.753000e+000
79  7.210000e-001
80  0.000000e+000
81  5.210000e-001
82  3.510000e+000
83  5.520000e+000
84  5.695000e+000
85  1.022000e+001
86  7.758000e+001
87  3.089000e+001
88  1.057000e+002
89  2.070000e+001
90  0.000000e+000
91  5.607000e+000
92  0.000000e+000
93  0.000000e+000
94  2.144000e-001
95  3.535000e+001
96  1.753000e+001
97  2.866000e+001
98  4.830000e+002
99  5.789000e+002
100  4.515000e+001
101  3.177000e+001
102  1.217000e+000
103  0.000000e+000
104  0.000000e+000
105  0.000000e+000
106  0.000000e+000
107  6.905000e-001
108  1.750000e+000
109  6.321000e+001
110  1.842000e+001
111  2.224000e+001
112  2.958000e+001
113  0.000000e+000
114  0.000000e+000
115  0.000000e+000
116  0.000000e+000
117  0.000000e+000
118  0.000000e+000
119  3.088000e+001
120  4.749000e+001
121  4.449000e+001
122  2.386000e+002
123  2.573000e+002
124  6.279000e+001
125  6.603000e-001
126  0.000000e+000
127  0.000000e+000
128  0.000000e+000
129  0.000000e+000
130  0.000000e+000
131  2.170000e+000
