   1 
1  1.059000e+000
2  9.817000e+000
3  1.514000e+000
4  7.399000e+000
5  7.142000e-002
6  3.756000e-004
7  0.000000e+000
8  0.000000e+000
9  0.000000e+000
10  1.564000e-003
11  3.935000e-002
12  4.799000e-001
13  4.406000e-001
14  1.330000e+000
15  6.975000e+000
16  8.477000e+000
17  2.420000e+000
18  5.959000e-003
19  0.000000e+000
20  0.000000e+000
21  0.000000e+000
22  8.114000e-003
23  6.747000e-003
24  6.316000e+000
25  8.562000e+000
26  1.215000e+001
27  5.167000e-001
28  4.951000e+000
29  1.407000e+000
30  1.280000e-001
31  1.771000e-004
32  8.119000e-006
33  0.000000e+000
34  1.857000e-006
35  2.639000e-003
36  1.115000e+000
37  1.440000e+000
38  1.625000e+000
39  5.850000e+000
40  1.939000e+000
41  2.385000e+000
42  8.152000e-001
43  1.844000e-003
44  0.000000e+000
45  0.000000e+000
46  1.346000e-001
47  8.564000e+000
48  2.455000e+000
49  6.008000e+000
50  3.459000e+000
51  5.814000e+000
52  1.277000e+000
53  6.602000e-001
54  1.095000e-003
55  0.000000e+000
56  0.000000e+000
57  0.000000e+000
58  2.397000e-003
59  8.907000e+000
60  2.372000e-002
61  7.985000e-001
62  3.098000e-001
63  8.857000e-003
64  2.655000e+000
65  3.617000e-002
66  2.191000e-003
67  0.000000e+000
68  0.000000e+000
69  6.775000e-005
70  4.210000e-004
71  5.486000e-004
72  1.311000e-003
73  1.671000e-002
74  4.013000e-003
75  1.694000e+000
76  2.540000e+000
77  1.016000e+000
78  3.907000e-003
79  0.000000e+000
80  0.000000e+000
81  2.706000e-005
82  4.091000e-003
83  1.210000e-002
84  8.814000e-003
85  6.560000e-003
86  6.234000e+000
87  8.238000e-001
88  2.783000e-002
89  2.919000e+000
90  1.426000e-001
91  3.008000e+000
92  1.076000e-003
93  1.044000e-004
94  2.096000e-005
95  8.549000e-001
96  1.765000e-002
97  5.718000e-002
98  1.183000e+001
99  7.392000e+000
100  2.740000e+000
101  7.424000e-001
102  3.991000e-003
103  2.058000e-004
104  3.470000e-002
105  0.000000e+000
106  6.175000e-004
107  6.769000e-002
108  4.558000e-003
109  1.132000e+000
110  1.337000e-002
111  5.319000e-003
112  5.447000e-003
113  8.271000e-004
114  0.000000e+000
115  0.000000e+000
116  0.000000e+000
117  0.000000e+000
118  7.011000e-005
119  4.062000e-001
120  8.412000e-003
121  7.833000e-002
122  4.383000e-001
123  1.061000e+001
124  1.872000e-001
125  2.294000e-001
126  2.184000e-003
127  0.000000e+000
128  0.000000e+000
129  0.000000e+000
130  1.162000e-003
131  6.948000e-001
132  1.545000e+000
133  2.201000e-002
134  9.772000e-003
135  5.105000e-001
136  9.396000e-003
137  7.199000e-003
138  0.000000e+000
139  0.000000e+000
140  0.000000e+000
141  0.000000e+000
   2 
1  1.289000e-001
2  9.787000e-001
3  1.025000e-001
4  1.153000e+000
5  3.909000e-001
6  3.091000e-001
7  2.495000e-001
8  2.027000e-001
9  1.668000e-001
10  1.435000e-001
11  1.242000e-001
12  1.092000e-001
13  9.373000e-002
14  7.908000e-002
15  4.453000e-001
16  1.691000e+000
17  1.195000e+000
18  1.149000e+000
19  9.689000e-001
20  7.947000e-001
21  6.568000e-001
22  5.505000e-001
23  4.599000e-001
24  4.163000e-001
25  1.864000e+000
26  2.264000e+000
27  9.321000e-001
28  1.218000e+000
29  8.647000e-001
30  7.064000e-001
31  5.730000e-001
32  4.695000e-001
33  3.878000e-001
34  3.219000e-001
35  2.707000e-001
36  2.353000e-001
37  1.925000e-001
38  1.628000e-001
39  1.639000e-001
40  1.333000e-001
41  1.245000e-001
42  9.509000e-002
43  6.523000e-002
44  4.853000e-002
45  3.866000e-002
46  3.443000e-002
47  8.528000e-002
48  5.650000e-001
49  1.997000e+000
50  1.651000e+000
51  1.635000e+000
52  1.766000e+000
53  1.399000e+000
54  1.317000e+000
55  1.280000e+000
56  1.142000e+000
57  9.458000e-001
58  7.884000e-001
59  6.971000e-001
60  5.717000e-001
61  4.662000e-001
62  3.869000e-001
63  3.184000e-001
64  2.700000e-001
65  2.298000e-001
66  1.793000e-001
67  1.421000e-001
68  1.129000e-001
69  9.510000e-002
70  8.278000e-002
71  6.898000e-002
72  5.786000e-002
73  5.424000e-002
74  4.282000e-002
75  5.793000e-002
76  6.053000e-002
77  4.512000e-002
78  2.465000e-002
79  1.178000e-002
80  5.561000e-003
81  5.570000e-003
82  1.153000e-002
83  1.638000e-002
84  1.494000e-002
85  1.163000e-002
86  1.414000e-001
87  2.201000e-002
88  1.145000e-002
89  1.392000e-002
90  1.643000e-002
91  1.859000e-002
92  5.210000e-003
93  2.123000e-003
94  1.510000e-003
95  2.626000e-002
96  2.017000e-002
97  1.178000e-002
98  8.189000e-002
99  1.131000e+000
100  8.871000e-001
101  7.197000e-001
102  5.853000e-001
103  4.779000e-001
104  3.928000e-001
105  3.237000e-001
106  2.701000e-001
107  2.281000e-001
108  1.896000e-001
109  1.697000e-001
110  1.402000e-001
111  1.118000e-001
112  9.309000e-002
113  7.249000e-002
114  5.336000e-002
115  4.161000e-002
116  3.278000e-002
117  2.825000e-002
118  2.502000e-002
119  3.461000e-002
120  2.779000e-002
121  2.654000e-002
122  1.832000e-002
123  2.240000e-001
124  5.141000e-002
125  3.158000e-002
126  1.558000e-002
127  4.326000e-003
128  8.359000e-004
129  6.791000e-004
130  6.520000e-003
131  1.707000e-002
132  2.378000e-002
133  2.792000e-002
134  1.389000e-002
135  9.610000e-003
136  8.565000e-003
137  6.787000e-003
138  5.910000e-005
139  0.000000e+000
140  0.000000e+000
141  0.000000e+000
   3 
1  4.194000e-002
2  2.916000e+000
3  1.325000e-001
4  1.939000e+000
5  2.035000e-001
6  1.088000e-001
7  5.804000e-002
8  2.947000e-002
9  1.474000e-002
10  1.262000e-002
11  1.289000e-002
12  1.543000e-002
13  1.533000e-002
14  1.338000e-002
15  1.089000e+000
16  4.231000e+000
17  2.380000e+000
18  1.255000e+000
19  6.934000e-001
20  3.954000e-001
21  2.282000e-001
22  1.387000e-001
23  8.594000e-002
24  2.678000e-001
25  3.672000e+000
26  4.926000e+000
27  3.160000e-001
28  1.310000e+000
29  4.435000e-001
30  1.600000e-001
31  8.597000e-002
32  4.671000e-002
33  2.445000e-002
34  1.453000e-002
35  1.250000e-002
36  1.930000e-002
37  1.464000e-002
38  1.240000e-001
39  4.557000e-001
40  8.019000e-002
41  2.542000e-001
42  5.611000e-002
43  2.241000e-002
44  8.992000e-003
45  3.469000e-003
46  3.737000e-003
47  3.529000e-001
48  1.299000e+000
49  4.772000e+000
50  3.525000e+000
51  3.045000e+000
52  3.425000e+000
53  1.948000e+000
54  1.114000e+000
55  6.426000e-001
56  3.669000e-001
57  2.128000e-001
58  1.285000e-001
59  3.500000e-001
60  9.771000e-002
61  5.895000e-002
62  3.889000e-002
63  2.326000e-002
64  8.584000e-002
65  2.917000e-002
66  1.069000e-002
67  1.567000e-003
68  0.000000e+000
69  3.516000e-004
70  1.802000e-003
71  1.676000e-003
72  2.156000e-003
73  8.089000e-003
74  4.572000e-003
75  2.624000e-002
76  3.426000e-002
77  2.327000e-002
78  6.747000e-003
79  8.742000e-005
80  0.000000e+000
81  6.030000e-005
82  3.261000e-003
83  9.364000e-003
84  9.152000e-003
85  6.858000e-003
86  9.732000e-001
87  3.261000e-002
88  1.585000e-002
89  1.504000e-002
90  1.585000e-002
91  1.890000e-002
92  4.905000e-003
93  1.279000e-003
94  5.190000e-004
95  2.510000e-002
96  1.912000e-002
97  1.085000e-002
98  1.396000e+000
99  2.788000e+000
100  1.505000e+000
101  7.152000e-001
102  4.116000e-001
103  2.354000e-001
104  1.345000e-001
105  7.668000e-002
106  4.634000e-002
107  3.155000e-002
108  2.041000e-002
109  2.638000e-002
110  1.856000e-002
111  9.309000e-003
112  7.530000e-003
113  1.903000e-003
114  0.000000e+000
115  0.000000e+000
116  0.000000e+000
117  0.000000e+000
118  8.448000e-005
119  1.137000e-002
120  8.710000e-003
121  1.070000e-002
122  5.464000e-003
123  1.421000e+000
124  5.917000e-002
125  3.268000e-002
126  1.316000e-002
127  1.491000e-003
128  0.000000e+000
129  9.212000e-006
130  2.394000e-003
131  1.341000e-002
132  2.063000e-002
133  2.526000e-002
134  1.164000e-002
135  7.684000e-003
136  6.967000e-003
137  5.476000e-003
138  0.000000e+000
139  0.000000e+000
140  0.000000e+000
141  0.000000e+000
   4 
1  2.984000e-002
2  1.705000e+000
3  3.008000e-002
4  1.171000e+000
5  2.095000e-002
6  3.476000e-003
7  1.312000e-004
8  0.000000e+000
9  0.000000e+000
10  1.950000e-003
11  5.890000e-003
12  1.135000e-002
13  1.300000e-002
14  1.200000e-002
15  4.631000e-001
16  1.090000e+000
17  9.093000e-002
18  1.630000e-002
19  2.143000e-003
20  0.000000e+000
21  0.000000e+000
22  4.206000e-003
23  1.173000e-001
24  3.597000e-001
25  2.771000e+000
26  3.359000e+000
27  2.718000e-001
28  7.130000e-001
29  7.712000e-002
30  1.421000e-002
31  1.860000e-003
32  6.069000e-005
33  1.102000e-005
34  2.690000e-005
35  3.170000e-003
36  6.907000e-002
37  1.500000e-001
38  5.859000e-002
39  1.153000e-001
40  2.767000e-002
41  8.388000e-002
42  2.224000e-002
43  5.047000e-003
44  2.008000e-004
45  0.000000e+000
46  9.433000e-004
47  1.089000e-001
48  3.864000e-001
49  1.511000e+000
50  1.166000e+000
51  8.855000e-001
52  7.192000e-001
53  3.640000e-001
54  1.625000e-002
55  2.366000e-004
56  0.000000e+000
57  3.120000e-006
58  2.375000e-001
59  5.251000e-001
60  5.471000e-001
61  4.483000e-001
62  2.804000e-001
63  6.334000e-002
64  1.592000e-002
65  1.885000e-002
66  4.847000e-003
67  8.642000e-005
68  0.000000e+000
69  1.565000e-004
70  1.165000e-003
71  1.303000e-003
72  1.958000e-003
73  7.980000e-003
74  4.522000e-003
75  2.622000e-002
76  3.426000e-002
77  2.328000e-002
78  6.760000e-003
79  8.924000e-005
80  0.000000e+000
81  6.103000e-005
82  3.268000e-003
83  9.375000e-003
84  9.161000e-003
85  6.866000e-003
86  3.996000e-001
87  1.488000e-002
88  5.733000e-003
89  9.134000e-003
90  1.240000e-002
91  1.523000e-002
92  2.710000e-003
93  4.530000e-004
94  1.740000e-004
95  2.460000e-002
96  1.887000e-002
97  1.071000e-002
98  4.612000e-001
99  1.322000e+000
100  1.469000e-001
101  2.310000e-002
102  8.908000e-003
103  1.574000e-003
104  8.076000e-004
105  8.653000e-006
106  1.067000e-003
107  4.971000e-003
108  5.015000e-003
109  1.746000e-002
110  1.336000e-002
111  6.215000e-003
112  5.724000e-003
113  1.096000e-003
114  0.000000e+000
115  0.000000e+000
116  0.000000e+000
117  0.000000e+000
118  8.139000e-005
119  1.133000e-002
120  8.692000e-003
121  1.069000e-002
122  5.223000e-003
123  6.421000e-001
124  3.465000e-002
125  1.808000e-002
126  4.916000e-003
127  9.721000e-006
128  0.000000e+000
129  0.000000e+000
130  1.596000e-003
131  1.284000e-002
132  2.031000e-002
133  2.509000e-002
134  1.154000e-002
135  7.627000e-003
136  6.938000e-003
137  5.463000e-003
138  0.000000e+000
139  0.000000e+000
140  0.000000e+000
141  0.000000e+000
   5 
1  1.016000e-001
2  4.488000e+000
3  2.006000e-001
4  2.409000e+000
5  2.481000e-002
6  2.371000e-003
7  2.232000e-005
8  0.000000e+000
9  0.000000e+000
10  1.922000e-003
11  5.860000e-003
12  1.134000e-002
13  1.308000e-002
14  1.206000e-002
15  1.416000e+000
16  3.058000e+000
17  8.570000e-001
18  1.390000e-002
19  1.348000e-003
20  0.000000e+000
21  0.000000e+000
22  4.155000e-003
23  7.519000e-003
24  6.962000e-001
25  4.999000e+000
26  7.042000e+000
27  2.077000e-002
28  1.466000e+000
29  3.210000e-001
30  1.218000e-002
31  1.268000e-003
32  4.141000e-005
33  7.357000e-006
34  1.829000e-005
35  3.133000e-003
36  1.390000e-002
37  8.153000e-002
38  4.371000e-001
39  9.774000e-001
40  1.792000e-001
41  4.146000e-001
42  8.398000e-002
43  4.552000e-003
44  1.321000e-004
45  0.000000e+000
46  9.298000e-004
47  9.920000e-001
48  9.174000e-001
49  3.891000e+000
50  3.001000e+000
51  2.382000e+000
52  1.410000e+000
53  6.873000e-001
54  4.438000e-002
55  4.929000e-005
56  0.000000e+000
57  0.000000e+000
58  2.580000e-003
59  7.223000e-001
60  3.228000e-002
61  5.525000e-002
62  1.684000e-002
63  1.018000e-002
64  2.736000e-001
65  1.805000e-002
66  4.443000e-003
67  4.430000e-005
68  0.000000e+000
69  1.396000e-004
70  1.050000e-003
71  1.189000e-003
72  1.860000e-003
73  7.886000e-003
74  4.441000e-003
75  2.877000e-002
76  6.751000e-002
77  3.725000e-002
78  6.632000e-003
79  7.727000e-005
80  0.000000e+000
81  5.817000e-005
82  3.243000e-003
83  9.338000e-003
84  9.128000e-003
85  6.837000e-003
86  1.886000e+000
87  1.489000e-002
88  5.613000e-003
89  3.218000e-002
90  1.216000e-002
91  7.331000e-002
92  2.598000e-003
93  4.124000e-004
94  1.452000e-004
95  2.451000e-002
96  1.879000e-002
97  1.064000e-002
98  2.966000e+000
99  3.225000e+000
100  6.225000e-001
101  5.893000e-002
102  7.306000e-003
103  1.104000e-003
104  6.364000e-004
105  2.759000e-006
106  9.964000e-004
107  4.897000e-003
108  4.964000e-003
109  1.742000e-002
110  1.333000e-002
111  6.185000e-003
112  5.696000e-003
113  1.079000e-003
114  0.000000e+000
115  0.000000e+000
116  0.000000e+000
117  0.000000e+000
118  8.048000e-005
119  1.132000e-002
120  8.679000e-003
121  1.067000e-002
122  5.466000e-002
123  2.592000e+000
124  3.125000e-002
125  1.652000e-002
126  4.259000e-003
127  4.978000e-006
128  0.000000e+000
129  0.000000e+000
130  1.538000e-003
131  1.277000e-002
132  3.050000e-002
133  2.499000e-002
134  1.147000e-002
135  7.578000e-003
136  6.900000e-003
137  5.434000e-003
138  0.000000e+000
139  0.000000e+000
140  0.000000e+000
141  0.000000e+000
   6 
1  6.052000e+000
2  1.212000e+001
3  6.040000e+000
4  1.587000e+001
5  1.067000e+000
6  0.000000e+000
7  0.000000e+000
8  0.000000e+000
9  0.000000e+000
10  6.758000e-001
11  1.537000e+000
12  4.425000e+000
13  3.371000e+000
14  7.759000e+000
15  1.741000e+001
16  1.534000e+001
17  5.976000e+000
18  1.256000e-003
19  0.000000e+000
20  0.000000e+000
21  0.000000e+000
22  1.814000e+000
23  2.804000e-001
24  1.551000e+001
25  8.580000e+000
26  1.498000e+001
27  2.662000e+000
28  1.142000e+001
29  5.889000e+000
30  2.031000e+000
31  0.000000e+000
32  0.000000e+000
33  0.000000e+000
34  0.000000e+000
35  9.690000e-001
36  4.925000e+000
37  3.514000e+000
38  3.707000e+000
39  1.494000e+001
40  7.436000e+000
41  8.619000e+000
42  3.347000e+000
43  5.993000e-005
44  0.000000e+000
45  0.000000e+000
46  1.682000e+000
47  2.341000e+001
48  6.310000e+000
49  1.136000e+001
50  4.848000e+000
51  1.161000e+001
52  4.499000e+000
53  2.935000e+000
54  2.751000e-006
55  0.000000e+000
56  0.000000e+000
57  0.000000e+000
58  4.153000e-001
59  2.205000e+001
60  3.394000e-001
61  3.069000e+000
62  1.868000e+000
63  1.472000e+000
64  9.649000e+000
65  2.431000e+000
66  5.105000e-002
67  0.000000e+000
68  0.000000e+000
69  8.250000e-001
70  4.949000e-003
71  3.000000e-003
72  1.590000e-005
73  2.462000e+000
74  1.260000e+000
75  1.008000e+001
76  1.010000e+001
77  4.291000e+000
78  6.301000e-004
79  0.000000e+000
80  0.000000e+000
81  1.653000e-001
82  1.423000e+000
83  2.199000e+000
84  1.187000e+000
85  2.211000e-001
86  8.184000e+000
87  3.263000e+000
88  1.157000e+000
89  8.980000e+000
90  1.164000e+000
91  6.326000e+000
92  3.176000e-005
93  7.017000e-004
94  0.000000e+000
95  8.232000e+000
96  1.373000e+000
97  6.329000e-001
98  2.258000e+001
99  1.209000e+001
100  7.833000e+000
101  3.914000e+000
102  9.456000e-002
103  3.193000e-001
104  5.096000e-001
105  0.000000e+000
106  3.157000e-001
107  7.508000e-001
108  4.414000e-001
109  6.516000e+000
110  1.121000e+000
111  7.063000e-001
112  2.426000e+000
113  1.985000e-001
114  0.000000e+000
115  1.559000e-002
116  1.389000e-001
117  0.000000e+000
118  6.075000e-001
119  4.027000e+000
120  1.149000e-001
121  2.388000e+000
122  1.149000e+000
123  1.999000e+001
124  3.532000e+000
125  1.935000e+000
126  1.656000e-001
127  0.000000e+000
128  0.000000e+000
129  4.807000e-001
130  5.736000e-001
131  4.978000e+000
132  6.813000e+000
133  3.931000e-001
134  1.830000e-002
135  4.318000e+000
136  1.549000e+000
137  1.833000e+000
138  0.000000e+000
139  0.000000e+000
140  0.000000e+000
141  6.921000e-002
   7 
1  3.489000e-001
2  6.614000e+000
3  4.943000e-001
4  3.469000e+000
5  1.351000e-001
6  9.544000e-002
7  7.776000e-002
8  6.402000e-002
9  5.178000e-002
10  5.065000e-002
11  4.932000e-002
12  4.900000e-002
13  6.337000e-002
14  9.178000e-002
15  2.472000e+000
16  4.047000e+000
17  1.412000e+000
18  5.350000e-001
19  4.613000e-001
20  3.963000e-001
21  3.435000e-001
22  3.050000e-001
23  2.687000e-001
24  1.876000e+000
25  6.830000e+000
26  1.006000e+001
27  2.697000e-001
28  2.089000e+000
29  6.335000e-001
30  1.570000e-001
31  1.261000e-001
32  1.064000e-001
33  9.190000e-002
34  8.081000e-002
35  7.452000e-002
36  8.184000e-002
37  4.710000e-001
38  1.113000e+000
39  1.905000e+000
40  5.399000e-001
41  7.915000e-001
42  2.837000e-001
43  7.305000e-002
44  5.858000e-002
45  4.754000e-002
46  4.280000e-002
47  2.266000e+000
48  1.129000e+000
49  3.633000e+000
50  3.237000e+000
51  2.738000e+000
52  1.331000e+000
53  1.205000e+000
54  9.945000e-001
55  8.145000e-001
56  6.866000e-001
57  5.962000e-001
58  5.226000e-001
59  2.441000e+000
60  4.443000e-001
61  5.110000e-001
62  3.398000e-001
63  2.847000e-001
64  9.061000e-001
65  2.301000e-001
66  1.884000e-001
67  1.571000e-001
68  1.318000e-001
69  1.162000e-001
70  1.050000e-001
71  9.145000e-002
72  7.999000e-002
73  7.561000e-002
74  6.318000e-002
75  1.783000e-001
76  3.938000e-001
77  2.141000e-001
78  6.018000e-002
79  4.147000e-002
80  3.190000e-002
81  2.893000e-002
82  3.222000e-002
83  3.462000e-002
84  3.100000e-002
85  2.574000e-002
86  3.213000e+000
87  8.698000e-002
88  3.146000e-002
89  3.581000e-001
90  4.351000e-002
91  4.040000e-001
92  4.185000e-002
93  3.528000e-002
94  3.050000e-002
95  5.168000e-002
96  4.212000e-002
97  3.171000e-002
98  5.561000e+000
99  4.617000e+000
100  1.088000e+000
101  2.574000e-001
102  8.124000e-002
103  6.785000e-002
104  5.818000e-002
105  4.939000e-002
106  4.519000e-002
107  4.376000e-002
108  3.854000e-002
109  4.668000e-002
110  3.885000e-002
111  2.839000e-002
112  2.499000e-002
113  1.669000e-002
114  7.124000e-003
115  3.906000e-003
116  2.086000e-003
117  3.315000e-003
118  4.580000e-003
119  1.810000e-002
120  1.443000e-002
121  1.570000e-002
122  2.609000e-001
123  4.282000e+000
124  4.105000e-002
125  2.828000e-002
126  1.485000e-002
127  4.733000e-003
128  1.492000e-003
129  1.798000e-003
130  7.898000e-003
131  1.848000e-002
132  1.903000e-001
133  3.104000e-002
134  1.761000e-002
135  1.317000e-002
136  1.176000e-002
137  9.636000e-003
138  5.831000e-004
139  0.000000e+000
140  0.000000e+000
141  0.000000e+000
   8 
1  7.020000e-001
2  9.152000e+000
3  8.392000e-001
4  4.884000e+000
5  1.407000e-001
6  9.453000e-002
7  8.274000e-002
8  7.475000e-002
9  6.952000e-002
10  7.088000e-002
11  7.134000e-002
12  8.743000e-002
13  2.225000e-001
14  4.198000e-001
15  4.057000e+000
16  5.568000e+000
17  1.583000e+000
18  1.800000e-001
19  1.572000e-001
20  1.428000e-001
21  1.332000e-001
22  1.314000e-001
23  1.264000e-001
24  3.443000e+000
25  8.368000e+000
26  1.288000e+001
27  3.681000e-001
28  2.917000e+000
29  8.130000e-001
30  1.319000e-001
31  1.076000e-001
32  9.762000e-002
33  9.079000e-002
34  8.584000e-002
35  8.446000e-002
36  3.007000e-001
37  1.160000e+000
38  2.150000e+000
39  3.291000e+000
40  1.000000e+000
41  1.304000e+000
42  4.965000e-001
43  8.512000e-002
44  7.420000e-002
45  6.806000e-002
46  6.619000e-002
47  4.421000e+000
48  1.552000e+000
49  4.416000e+000
50  3.286000e+000
51  3.627000e+000
52  9.975000e-001
53  7.546000e-001
54  4.872000e-001
55  4.466000e-001
56  4.129000e-001
57  3.856000e-001
58  3.647000e-001
59  4.730000e+000
60  3.559000e-001
61  6.619000e-001
62  3.949000e-001
63  2.766000e-001
64  1.543000e+000
65  2.527000e-001
66  2.233000e-001
67  2.016000e-001
68  1.835000e-001
69  1.733000e-001
70  1.657000e-001
71  1.546000e-001
72  1.445000e-001
73  1.406000e-001
74  1.280000e-001
75  5.852000e-001
76  1.091000e+000
77  5.294000e-001
78  1.163000e-001
79  9.940000e-002
80  8.880000e-002
81  8.445000e-002
82  8.605000e-002
83  8.658000e-002
84  8.099000e-002
85  7.364000e-002
86  5.083000e+000
87  4.334000e-001
88  7.171000e-002
89  1.192000e+000
90  8.141000e-002
91  1.283000e+000
92  7.161000e-002
93  6.466000e-002
94  6.011000e-002
95  1.909000e-001
96  7.476000e-002
97  8.665000e-002
98  9.268000e+000
99  5.869000e+000
100  1.637000e+000
101  4.604000e-001
102  8.918000e-002
103  7.738000e-002
104  7.116000e-002
105  6.527000e-002
106  6.327000e-002
107  6.346000e-002
108  5.936000e-002
109  2.270000e-001
110  6.637000e-002
111  5.571000e-002
112  5.182000e-002
113  4.311000e-002
114  3.348000e-002
115  2.928000e-002
116  2.647000e-002
117  2.664000e-002
118  2.701000e-002
119  4.936000e-002
120  3.560000e-002
121  3.582000e-002
122  6.627000e-001
123  6.709000e+000
124  6.537000e-002
125  7.645000e-002
126  2.918000e-002
127  1.904000e-002
128  1.554000e-002
129  1.573000e-002
130  2.131000e-002
131  9.429000e-002
132  5.926000e-001
133  4.351000e-002
134  2.899000e-002
135  7.447000e-002
136  2.469000e-002
137  2.206000e-002
138  1.058000e-002
139  6.458000e-003
140  3.706000e-003
141  5.862000e-003
   1 
1  1.059000e+000
2  9.817000e+000
3  1.514000e+000
4  7.399000e+000
5  7.142000e-002
6  3.756000e-004
7  0.000000e+000
8  0.000000e+000
9  0.000000e+000
10  1.564000e-003
11  3.935000e-002
12  4.799000e-001
13  4.406000e-001
14  1.330000e+000
15  6.975000e+000
16  8.477000e+000
17  2.420000e+000
18  5.959000e-003
19  0.000000e+000
20  0.000000e+000
21  0.000000e+000
22  8.114000e-003
23  6.747000e-003
24  6.316000e+000
25  8.562000e+000
26  1.215000e+001
27  5.167000e-001
28  4.951000e+000
29  1.407000e+000
30  1.280000e-001
31  1.771000e-004
32  8.119000e-006
33  0.000000e+000
34  1.857000e-006
35  2.639000e-003
36  1.115000e+000
37  1.440000e+000
38  1.625000e+000
39  5.850000e+000
40  1.939000e+000
41  2.385000e+000
42  8.152000e-001
43  1.844000e-003
44  0.000000e+000
45  0.000000e+000
46  1.346000e-001
47  8.564000e+000
48  2.455000e+000
49  6.008000e+000
50  3.459000e+000
51  5.814000e+000
52  1.277000e+000
53  6.602000e-001
54  1.095000e-003
55  0.000000e+000
56  0.000000e+000
57  0.000000e+000
58  2.397000e-003
59  8.907000e+000
60  2.372000e-002
61  7.985000e-001
62  3.098000e-001
63  8.857000e-003
64  2.655000e+000
65  3.617000e-002
66  2.191000e-003
67  0.000000e+000
68  0.000000e+000
69  6.775000e-005
70  4.210000e-004
71  5.486000e-004
72  1.311000e-003
73  1.671000e-002
74  4.013000e-003
75  1.694000e+000
76  2.540000e+000
77  1.016000e+000
78  3.907000e-003
79  0.000000e+000
80  0.000000e+000
81  2.706000e-005
82  4.091000e-003
83  1.210000e-002
84  8.814000e-003
85  6.560000e-003
86  6.234000e+000
87  8.238000e-001
88  2.783000e-002
89  2.919000e+000
90  1.426000e-001
91  3.008000e+000
92  1.076000e-003
93  1.044000e-004
94  2.096000e-005
95  8.549000e-001
96  1.765000e-002
97  5.718000e-002
98  1.183000e+001
99  7.392000e+000
100  2.740000e+000
101  7.424000e-001
102  3.991000e-003
103  2.058000e-004
104  3.470000e-002
105  0.000000e+000
106  6.175000e-004
107  6.769000e-002
108  4.558000e-003
109  1.132000e+000
110  1.337000e-002
111  5.319000e-003
112  5.447000e-003
113  8.271000e-004
114  0.000000e+000
115  0.000000e+000
116  0.000000e+000
117  0.000000e+000
118  7.011000e-005
119  4.062000e-001
120  8.412000e-003
121  7.833000e-002
122  4.383000e-001
123  1.061000e+001
124  1.872000e-001
125  2.294000e-001
126  2.184000e-003
127  0.000000e+000
128  0.000000e+000
129  0.000000e+000
130  1.162000e-003
131  6.948000e-001
132  1.545000e+000
133  2.201000e-002
134  9.772000e-003
135  5.105000e-001
136  9.396000e-003
137  7.199000e-003
138  0.000000e+000
139  0.000000e+000
140  0.000000e+000
141  0.000000e+000
   2 
1  1.289000e-001
2  9.787000e-001
3  1.025000e-001
4  1.153000e+000
5  3.909000e-001
6  3.091000e-001
7  2.495000e-001
8  2.027000e-001
9  1.668000e-001
10  1.435000e-001
11  1.242000e-001
12  1.092000e-001
13  9.373000e-002
14  7.908000e-002
15  4.453000e-001
16  1.691000e+000
17  1.195000e+000
18  1.149000e+000
19  9.689000e-001
20  7.947000e-001
21  6.568000e-001
22  5.505000e-001
23  4.599000e-001
24  4.163000e-001
25  1.864000e+000
26  2.264000e+000
27  9.321000e-001
28  1.218000e+000
29  8.647000e-001
30  7.064000e-001
31  5.730000e-001
32  4.695000e-001
33  3.878000e-001
34  3.219000e-001
35  2.707000e-001
36  2.353000e-001
37  1.925000e-001
38  1.628000e-001
39  1.639000e-001
40  1.333000e-001
41  1.245000e-001
42  9.509000e-002
43  6.523000e-002
44  4.853000e-002
45  3.866000e-002
46  3.443000e-002
47  8.528000e-002
48  5.650000e-001
49  1.997000e+000
50  1.651000e+000
51  1.635000e+000
52  1.766000e+000
53  1.399000e+000
54  1.317000e+000
55  1.280000e+000
56  1.142000e+000
57  9.458000e-001
58  7.884000e-001
59  6.971000e-001
60  5.717000e-001
61  4.662000e-001
62  3.869000e-001
63  3.184000e-001
64  2.700000e-001
65  2.298000e-001
66  1.793000e-001
67  1.421000e-001
68  1.129000e-001
69  9.510000e-002
70  8.278000e-002
71  6.898000e-002
72  5.786000e-002
73  5.424000e-002
74  4.282000e-002
75  5.793000e-002
76  6.053000e-002
77  4.512000e-002
78  2.465000e-002
79  1.178000e-002
80  5.561000e-003
81  5.570000e-003
82  1.153000e-002
83  1.638000e-002
84  1.494000e-002
85  1.163000e-002
86  1.414000e-001
87  2.201000e-002
88  1.145000e-002
89  1.392000e-002
90  1.643000e-002
91  1.859000e-002
92  5.210000e-003
93  2.123000e-003
94  1.510000e-003
95  2.626000e-002
96  2.017000e-002
97  1.178000e-002
98  8.189000e-002
99  1.131000e+000
100  8.871000e-001
101  7.197000e-001
102  5.853000e-001
103  4.779000e-001
104  3.928000e-001
105  3.237000e-001
106  2.701000e-001
107  2.281000e-001
108  1.896000e-001
109  1.697000e-001
110  1.402000e-001
111  1.118000e-001
112  9.309000e-002
113  7.249000e-002
114  5.336000e-002
115  4.161000e-002
116  3.278000e-002
117  2.825000e-002
118  2.502000e-002
119  3.461000e-002
120  2.779000e-002
121  2.654000e-002
122  1.832000e-002
123  2.240000e-001
124  5.141000e-002
125  3.158000e-002
126  1.558000e-002
127  4.326000e-003
128  8.359000e-004
129  6.791000e-004
130  6.520000e-003
131  1.707000e-002
132  2.378000e-002
133  2.792000e-002
134  1.389000e-002
135  9.610000e-003
136  8.565000e-003
137  6.787000e-003
138  5.910000e-005
139  0.000000e+000
140  0.000000e+000
141  0.000000e+000
   3 
1  4.194000e-002
2  2.916000e+000
3  1.325000e-001
4  1.939000e+000
5  2.035000e-001
6  1.088000e-001
7  5.804000e-002
8  2.947000e-002
9  1.474000e-002
10  1.262000e-002
11  1.289000e-002
12  1.543000e-002
13  1.533000e-002
14  1.338000e-002
15  1.089000e+000
16  4.231000e+000
17  2.380000e+000
18  1.255000e+000
19  6.934000e-001
20  3.954000e-001
21  2.282000e-001
22  1.387000e-001
23  8.594000e-002
24  2.678000e-001
25  3.672000e+000
26  4.926000e+000
27  3.160000e-001
28  1.310000e+000
29  4.435000e-001
30  1.600000e-001
31  8.597000e-002
32  4.671000e-002
33  2.445000e-002
34  1.453000e-002
35  1.250000e-002
36  1.930000e-002
37  1.464000e-002
38  1.240000e-001
39  4.557000e-001
40  8.019000e-002
41  2.542000e-001
42  5.611000e-002
43  2.241000e-002
44  8.992000e-003
45  3.469000e-003
46  3.737000e-003
47  3.529000e-001
48  1.299000e+000
49  4.772000e+000
50  3.525000e+000
51  3.045000e+000
52  3.425000e+000
53  1.948000e+000
54  1.114000e+000
55  6.426000e-001
56  3.669000e-001
57  2.128000e-001
58  1.285000e-001
59  3.500000e-001
60  9.771000e-002
61  5.895000e-002
62  3.889000e-002
63  2.326000e-002
64  8.584000e-002
65  2.917000e-002
66  1.069000e-002
67  1.567000e-003
68  0.000000e+000
69  3.516000e-004
70  1.802000e-003
71  1.676000e-003
72  2.156000e-003
73  8.089000e-003
74  4.572000e-003
75  2.624000e-002
76  3.426000e-002
77  2.327000e-002
78  6.747000e-003
79  8.742000e-005
80  0.000000e+000
81  6.030000e-005
82  3.261000e-003
83  9.364000e-003
84  9.152000e-003
85  6.858000e-003
86  9.732000e-001
87  3.261000e-002
88  1.585000e-002
89  1.504000e-002
90  1.585000e-002
91  1.890000e-002
92  4.905000e-003
93  1.279000e-003
94  5.190000e-004
95  2.510000e-002
96  1.912000e-002
97  1.085000e-002
98  1.396000e+000
99  2.788000e+000
100  1.505000e+000
101  7.152000e-001
102  4.116000e-001
103  2.354000e-001
104  1.345000e-001
105  7.668000e-002
106  4.634000e-002
107  3.155000e-002
108  2.041000e-002
109  2.638000e-002
110  1.856000e-002
111  9.309000e-003
112  7.530000e-003
113  1.903000e-003
114  0.000000e+000
115  0.000000e+000
116  0.000000e+000
117  0.000000e+000
118  8.448000e-005
119  1.137000e-002
120  8.710000e-003
121  1.070000e-002
122  5.464000e-003
123  1.421000e+000
124  5.917000e-002
125  3.268000e-002
126  1.316000e-002
127  1.491000e-003
128  0.000000e+000
129  9.212000e-006
130  2.394000e-003
131  1.341000e-002
132  2.063000e-002
133  2.526000e-002
134  1.164000e-002
135  7.684000e-003
136  6.967000e-003
137  5.476000e-003
138  0.000000e+000
139  0.000000e+000
140  0.000000e+000
141  0.000000e+000
   4 
1  2.984000e-002
2  1.705000e+000
3  3.008000e-002
4  1.171000e+000
5  2.095000e-002
6  3.476000e-003
7  1.312000e-004
8  0.000000e+000
9  0.000000e+000
10  1.950000e-003
11  5.890000e-003
12  1.135000e-002
13  1.300000e-002
14  1.200000e-002
15  4.631000e-001
16  1.090000e+000
17  9.093000e-002
18  1.630000e-002
19  2.143000e-003
20  0.000000e+000
21  0.000000e+000
22  4.206000e-003
23  1.173000e-001
24  3.597000e-001
25  2.771000e+000
26  3.359000e+000
27  2.718000e-001
28  7.130000e-001
29  7.712000e-002
30  1.421000e-002
31  1.860000e-003
32  6.069000e-005
33  1.102000e-005
34  2.690000e-005
35  3.170000e-003
36  6.907000e-002
37  1.500000e-001
38  5.859000e-002
39  1.153000e-001
40  2.767000e-002
41  8.388000e-002
42  2.224000e-002
43  5.047000e-003
44  2.008000e-004
45  0.000000e+000
46  9.433000e-004
47  1.089000e-001
48  3.864000e-001
49  1.511000e+000
50  1.166000e+000
51  8.855000e-001
52  7.192000e-001
53  3.640000e-001
54  1.625000e-002
55  2.366000e-004
56  0.000000e+000
57  3.120000e-006
58  2.375000e-001
59  5.251000e-001
60  5.471000e-001
61  4.483000e-001
62  2.804000e-001
63  6.334000e-002
64  1.592000e-002
65  1.885000e-002
66  4.847000e-003
67  8.642000e-005
68  0.000000e+000
69  1.565000e-004
70  1.165000e-003
71  1.303000e-003
72  1.958000e-003
73  7.980000e-003
74  4.522000e-003
75  2.622000e-002
76  3.426000e-002
77  2.328000e-002
78  6.760000e-003
79  8.924000e-005
80  0.000000e+000
81  6.103000e-005
82  3.268000e-003
83  9.375000e-003
84  9.161000e-003
85  6.866000e-003
86  3.996000e-001
87  1.488000e-002
88  5.733000e-003
89  9.134000e-003
90  1.240000e-002
91  1.523000e-002
92  2.710000e-003
93  4.530000e-004
94  1.740000e-004
95  2.460000e-002
96  1.887000e-002
97  1.071000e-002
98  4.612000e-001
99  1.322000e+000
100  1.469000e-001
101  2.310000e-002
102  8.908000e-003
103  1.574000e-003
104  8.076000e-004
105  8.653000e-006
106  1.067000e-003
107  4.971000e-003
108  5.015000e-003
109  1.746000e-002
110  1.336000e-002
111  6.215000e-003
112  5.724000e-003
113  1.096000e-003
114  0.000000e+000
115  0.000000e+000
116  0.000000e+000
117  0.000000e+000
118  8.139000e-005
119  1.133000e-002
120  8.692000e-003
121  1.069000e-002
122  5.223000e-003
123  6.421000e-001
124  3.465000e-002
125  1.808000e-002
126  4.916000e-003
127  9.721000e-006
128  0.000000e+000
129  0.000000e+000
130  1.596000e-003
131  1.284000e-002
132  2.031000e-002
133  2.509000e-002
134  1.154000e-002
135  7.627000e-003
136  6.938000e-003
137  5.463000e-003
138  0.000000e+000
139  0.000000e+000
140  0.000000e+000
141  0.000000e+000
   5 
1  1.016000e-001
2  4.488000e+000
3  2.006000e-001
4  2.409000e+000
5  2.481000e-002
6  2.371000e-003
7  2.232000e-005
8  0.000000e+000
9  0.000000e+000
10  1.922000e-003
11  5.860000e-003
12  1.134000e-002
13  1.308000e-002
14  1.206000e-002
15  1.416000e+000
16  3.058000e+000
17  8.570000e-001
18  1.390000e-002
19  1.348000e-003
20  0.000000e+000
21  0.000000e+000
22  4.155000e-003
23  7.519000e-003
24  6.962000e-001
25  4.999000e+000
26  7.042000e+000
27  2.077000e-002
28  1.466000e+000
29  3.210000e-001
30  1.218000e-002
31  1.268000e-003
32  4.141000e-005
33  7.357000e-006
34  1.829000e-005
35  3.133000e-003
36  1.390000e-002
37  8.153000e-002
38  4.371000e-001
39  9.774000e-001
40  1.792000e-001
41  4.146000e-001
42  8.398000e-002
43  4.552000e-003
44  1.321000e-004
45  0.000000e+000
46  9.298000e-004
47  9.920000e-001
48  9.174000e-001
49  3.891000e+000
50  3.001000e+000
51  2.382000e+000
52  1.410000e+000
53  6.873000e-001
54  4.438000e-002
55  4.929000e-005
56  0.000000e+000
57  0.000000e+000
58  2.580000e-003
59  7.223000e-001
60  3.228000e-002
61  5.525000e-002
62  1.684000e-002
63  1.018000e-002
64  2.736000e-001
65  1.805000e-002
66  4.443000e-003
67  4.430000e-005
68  0.000000e+000
69  1.396000e-004
70  1.050000e-003
71  1.189000e-003
72  1.860000e-003
73  7.886000e-003
74  4.441000e-003
75  2.877000e-002
76  6.751000e-002
77  3.725000e-002
78  6.632000e-003
79  7.727000e-005
80  0.000000e+000
81  5.817000e-005
82  3.243000e-003
83  9.338000e-003
84  9.128000e-003
85  6.837000e-003
86  1.886000e+000
87  1.489000e-002
88  5.613000e-003
89  3.218000e-002
90  1.216000e-002
91  7.331000e-002
92  2.598000e-003
93  4.124000e-004
94  1.452000e-004
95  2.451000e-002
96  1.879000e-002
97  1.064000e-002
98  2.966000e+000
99  3.225000e+000
100  6.225000e-001
101  5.893000e-002
102  7.306000e-003
103  1.104000e-003
104  6.364000e-004
105  2.759000e-006
106  9.964000e-004
107  4.897000e-003
108  4.964000e-003
109  1.742000e-002
110  1.333000e-002
111  6.185000e-003
112  5.696000e-003
113  1.079000e-003
114  0.000000e+000
115  0.000000e+000
116  0.000000e+000
117  0.000000e+000
118  8.048000e-005
119  1.132000e-002
120  8.679000e-003
121  1.067000e-002
122  5.466000e-002
123  2.592000e+000
124  3.125000e-002
125  1.652000e-002
126  4.259000e-003
127  4.978000e-006
128  0.000000e+000
129  0.000000e+000
130  1.538000e-003
131  1.277000e-002
132  3.050000e-002
133  2.499000e-002
134  1.147000e-002
135  7.578000e-003
136  6.900000e-003
137  5.434000e-003
138  0.000000e+000
139  0.000000e+000
140  0.000000e+000
141  0.000000e+000
   6 
1  6.052000e+000
2  1.212000e+001
3  6.040000e+000
4  1.587000e+001
5  1.067000e+000
6  0.000000e+000
7  0.000000e+000
8  0.000000e+000
9  0.000000e+000
10  6.758000e-001
11  1.537000e+000
12  4.425000e+000
13  3.371000e+000
14  7.759000e+000
15  1.741000e+001
16  1.534000e+001
17  5.976000e+000
18  1.256000e-003
19  0.000000e+000
20  0.000000e+000
21  0.000000e+000
22  1.814000e+000
23  2.804000e-001
24  1.551000e+001
25  8.580000e+000
26  1.498000e+001
27  2.662000e+000
28  1.142000e+001
29  5.889000e+000
30  2.031000e+000
31  0.000000e+000
32  0.000000e+000
33  0.000000e+000
34  0.000000e+000
35  9.690000e-001
36  4.925000e+000
37  3.514000e+000
38  3.707000e+000
39  1.494000e+001
40  7.436000e+000
41  8.619000e+000
42  3.347000e+000
43  5.993000e-005
44  0.000000e+000
45  0.000000e+000
46  1.682000e+000
47  2.341000e+001
48  6.310000e+000
49  1.136000e+001
50  4.848000e+000
51  1.161000e+001
52  4.499000e+000
53  2.935000e+000
54  2.751000e-006
55  0.000000e+000
56  0.000000e+000
57  0.000000e+000
58  4.153000e-001
59  2.205000e+001
60  3.394000e-001
61  3.069000e+000
62  1.868000e+000
63  1.472000e+000
64  9.649000e+000
65  2.431000e+000
66  5.105000e-002
67  0.000000e+000
68  0.000000e+000
69  8.250000e-001
70  4.949000e-003
71  3.000000e-003
72  1.590000e-005
73  2.462000e+000
74  1.260000e+000
75  1.008000e+001
76  1.010000e+001
77  4.291000e+000
78  6.301000e-004
79  0.000000e+000
80  0.000000e+000
81  1.653000e-001
82  1.423000e+000
83  2.199000e+000
84  1.187000e+000
85  2.211000e-001
86  8.184000e+000
87  3.263000e+000
88  1.157000e+000
89  8.980000e+000
90  1.164000e+000
91  6.326000e+000
92  3.176000e-005
93  7.017000e-004
94  0.000000e+000
95  8.232000e+000
96  1.373000e+000
97  6.329000e-001
98  2.258000e+001
99  1.209000e+001
100  7.833000e+000
101  3.914000e+000
102  9.456000e-002
103  3.193000e-001
104  5.096000e-001
105  0.000000e+000
106  3.157000e-001
107  7.508000e-001
108  4.414000e-001
109  6.516000e+000
110  1.121000e+000
111  7.063000e-001
112  2.426000e+000
113  1.985000e-001
114  0.000000e+000
115  1.559000e-002
116  1.389000e-001
117  0.000000e+000
118  6.075000e-001
119  4.027000e+000
120  1.149000e-001
121  2.388000e+000
122  1.149000e+000
123  1.999000e+001
124  3.532000e+000
125  1.935000e+000
126  1.656000e-001
127  0.000000e+000
128  0.000000e+000
129  4.807000e-001
130  5.736000e-001
131  4.978000e+000
132  6.813000e+000
133  3.931000e-001
134  1.830000e-002
135  4.318000e+000
136  1.549000e+000
137  1.833000e+000
138  0.000000e+000
139  0.000000e+000
140  0.000000e+000
141  6.921000e-002
   7 
1  3.489000e-001
2  6.614000e+000
3  4.943000e-001
4  3.469000e+000
5  1.351000e-001
6  9.544000e-002
7  7.776000e-002
8  6.402000e-002
9  5.178000e-002
10  5.065000e-002
11  4.932000e-002
12  4.900000e-002
13  6.337000e-002
14  9.178000e-002
15  2.472000e+000
16  4.047000e+000
17  1.412000e+000
18  5.350000e-001
19  4.613000e-001
20  3.963000e-001
21  3.435000e-001
22  3.050000e-001
23  2.687000e-001
24  1.876000e+000
25  6.830000e+000
26  1.006000e+001
27  2.697000e-001
28  2.089000e+000
29  6.335000e-001
30  1.570000e-001
31  1.261000e-001
32  1.064000e-001
33  9.190000e-002
34  8.081000e-002
35  7.452000e-002
36  8.184000e-002
37  4.710000e-001
38  1.113000e+000
39  1.905000e+000
40  5.399000e-001
41  7.915000e-001
42  2.837000e-001
43  7.305000e-002
44  5.858000e-002
45  4.754000e-002
46  4.280000e-002
47  2.266000e+000
48  1.129000e+000
49  3.633000e+000
50  3.237000e+000
51  2.738000e+000
52  1.331000e+000
53  1.205000e+000
54  9.945000e-001
55  8.145000e-001
56  6.866000e-001
57  5.962000e-001
58  5.226000e-001
59  2.441000e+000
60  4.443000e-001
61  5.110000e-001
62  3.398000e-001
63  2.847000e-001
64  9.061000e-001
65  2.301000e-001
66  1.884000e-001
67  1.571000e-001
68  1.318000e-001
69  1.162000e-001
70  1.050000e-001
71  9.145000e-002
72  7.999000e-002
73  7.561000e-002
74  6.318000e-002
75  1.783000e-001
76  3.938000e-001
77  2.141000e-001
78  6.018000e-002
79  4.147000e-002
80  3.190000e-002
81  2.893000e-002
82  3.222000e-002
83  3.462000e-002
84  3.100000e-002
85  2.574000e-002
86  3.213000e+000
87  8.698000e-002
88  3.146000e-002
89  3.581000e-001
90  4.351000e-002
91  4.040000e-001
92  4.185000e-002
93  3.528000e-002
94  3.050000e-002
95  5.168000e-002
96  4.212000e-002
97  3.171000e-002
98  5.561000e+000
99  4.617000e+000
100  1.088000e+000
101  2.574000e-001
102  8.124000e-002
103  6.785000e-002
104  5.818000e-002
105  4.939000e-002
106  4.519000e-002
107  4.376000e-002
108  3.854000e-002
109  4.668000e-002
110  3.885000e-002
111  2.839000e-002
112  2.499000e-002
113  1.669000e-002
114  7.124000e-003
115  3.906000e-003
116  2.086000e-003
117  3.315000e-003
118  4.580000e-003
119  1.810000e-002
120  1.443000e-002
121  1.570000e-002
122  2.609000e-001
123  4.282000e+000
124  4.105000e-002
125  2.828000e-002
126  1.485000e-002
127  4.733000e-003
128  1.492000e-003
129  1.798000e-003
130  7.898000e-003
131  1.848000e-002
132  1.903000e-001
133  3.104000e-002
134  1.761000e-002
135  1.317000e-002
136  1.176000e-002
137  9.636000e-003
138  5.831000e-004
139  0.000000e+000
140  0.000000e+000
141  0.000000e+000
   8 
1  7.020000e-001
2  9.152000e+000
3  8.392000e-001
4  4.884000e+000
5  1.407000e-001
6  9.453000e-002
7  8.274000e-002
8  7.475000e-002
9  6.952000e-002
10  7.088000e-002
11  7.134000e-002
12  8.743000e-002
13  2.225000e-001
14  4.198000e-001
15  4.057000e+000
16  5.568000e+000
17  1.583000e+000
18  1.800000e-001
19  1.572000e-001
20  1.428000e-001
21  1.332000e-001
22  1.314000e-001
23  1.264000e-001
24  3.443000e+000
25  8.368000e+000
26  1.288000e+001
27  3.681000e-001
28  2.917000e+000
29  8.130000e-001
30  1.319000e-001
31  1.076000e-001
32  9.762000e-002
33  9.079000e-002
34  8.584000e-002
35  8.446000e-002
36  3.007000e-001
37  1.160000e+000
38  2.150000e+000
39  3.291000e+000
40  1.000000e+000
41  1.304000e+000
42  4.965000e-001
43  8.512000e-002
44  7.420000e-002
45  6.806000e-002
46  6.619000e-002
47  4.421000e+000
48  1.552000e+000
49  4.416000e+000
50  3.286000e+000
51  3.627000e+000
52  9.975000e-001
53  7.546000e-001
54  4.872000e-001
55  4.466000e-001
56  4.129000e-001
57  3.856000e-001
58  3.647000e-001
59  4.730000e+000
60  3.559000e-001
61  6.619000e-001
62  3.949000e-001
63  2.766000e-001
64  1.543000e+000
65  2.527000e-001
66  2.233000e-001
67  2.016000e-001
68  1.835000e-001
69  1.733000e-001
70  1.657000e-001
71  1.546000e-001
72  1.445000e-001
73  1.406000e-001
74  1.280000e-001
75  5.852000e-001
76  1.091000e+000
77  5.294000e-001
78  1.163000e-001
79  9.940000e-002
80  8.880000e-002
81  8.445000e-002
82  8.605000e-002
83  8.658000e-002
84  8.099000e-002
85  7.364000e-002
86  5.083000e+000
87  4.334000e-001
88  7.171000e-002
89  1.192000e+000
90  8.141000e-002
91  1.283000e+000
92  7.161000e-002
93  6.466000e-002
94  6.011000e-002
95  1.909000e-001
96  7.476000e-002
97  8.665000e-002
98  9.268000e+000
99  5.869000e+000
100  1.637000e+000
101  4.604000e-001
102  8.918000e-002
103  7.738000e-002
104  7.116000e-002
105  6.527000e-002
106  6.327000e-002
107  6.346000e-002
108  5.936000e-002
109  2.270000e-001
110  6.637000e-002
111  5.571000e-002
112  5.182000e-002
113  4.311000e-002
114  3.348000e-002
115  2.928000e-002
116  2.647000e-002
117  2.664000e-002
118  2.701000e-002
119  4.936000e-002
120  3.560000e-002
121  3.582000e-002
122  6.627000e-001
123  6.709000e+000
124  6.537000e-002
125  7.645000e-002
126  2.918000e-002
127  1.904000e-002
128  1.554000e-002
129  1.573000e-002
130  2.131000e-002
131  9.429000e-002
132  5.926000e-001
133  4.351000e-002
134  2.899000e-002
135  7.447000e-002
136  2.469000e-002
137  2.206000e-002
138  1.058000e-002
139  6.458000e-003
140  3.706000e-003
141  5.862000e-003
