   1 
133  1.250000e+004
134  1.906000e+005
135  1.631000e+003
136  4.796000e+003
137  0.000000e+000
138  0.000000e+000
139  0.000000e+000
140  0.000000e+000
141  0.000000e+000
142  0.000000e+000
143  0.000000e+000
144  2.358000e+002
   2 
133  3.623000e+004
134  3.262000e+005
135  8.278000e+004
136  6.465000e+004
137  1.267000e+004
138  0.000000e+000
139  0.000000e+000
140  0.000000e+000
141  0.000000e+000
142  2.171000e+001
143  1.331000e+004
144  2.365000e+004
   3 
133  8.905000e+003
134  5.627000e+004
135  3.812000e+002
136  0.000000e+000
137  0.000000e+000
138  0.000000e+000
139  0.000000e+000
140  0.000000e+000
141  0.000000e+000
142  0.000000e+000
143  0.000000e+000
144  0.000000e+000
   4 
133  8.031000e+003
134  4.178000e+004
135  1.902000e+002
136  0.000000e+000
137  0.000000e+000
138  0.000000e+000
139  0.000000e+000
140  0.000000e+000
141  0.000000e+000
142  0.000000e+000
143  0.000000e+000
144  0.000000e+000
   5 
133  4.054000e+003
134  2.614000e+004
135  7.966000e+002
136  1.691000e+002
137  1.054000e+000
138  0.000000e+000
139  0.000000e+000
140  0.000000e+000
141  0.000000e+000
142  3.060000e+001
143  2.097000e+002
144  2.850000e+002
   6 
133  1.487000e+005
134  5.841000e+005
135  5.181000e+005
136  3.400000e+005
137  3.208000e+005
138  4.298000e+004
139  1.645000e+005
140  0.000000e+000
141  0.000000e+000
142  1.206000e+005
143  1.575000e+005
144  1.592000e+005
   7 
133  1.585000e+004
134  3.043000e+005
135  9.985000e+003
136  1.393000e+004
137  5.370000e+002
138  0.000000e+000
139  0.000000e+000
140  0.000000e+000
141  0.000000e+000
142  0.000000e+000
143  1.985000e+003
144  4.316000e+003
   8 
133  1.188000e+004
134  1.082000e+005
135  4.716000e+002
136  1.316000e+002
137  0.000000e+000
138  0.000000e+000
139  0.000000e+000
140  0.000000e+000
141  0.000000e+000
142  0.000000e+000
143  0.000000e+000
144  0.000000e+000
