   1
7.318000
2.489000
0.576400
0.718700
0.734300
1.272000
1.964000
0.082470

   2
11.620000
13.960000
5.305000
9.021000
7.171000
11.690000
13.480000
3.945000

   3
6.457000
1.638000
0.408200
0.375600
0.708100
0.732800
1.131000
1.682000

   4
16.280001
7.631000
1.968000
2.937000
3.017000
4.271000
5.613000
3.729000

   5
1.315000
0.084130
0.135200
0.028260
0.863500
0.312800
0.157400
1.096000

   6
0.189600
0.000287
0.005267
0.003126
0.752000
0.210800
0.101900
0.036330

   7
0.160200
0.000000
0.000373
0.000101
0.663900
0.154100
0.089980
0.000488

   8
0.136500
0.000000
0.000000
0.000000
0.587900
0.112800
0.081630
0.000000

   9
0.118000
0.000000
0.000000
0.000000
0.523600
0.084040
0.075990
0.000000

   10
0.774600
0.001642
0.081650
0.002012
0.472800
0.068630
0.076940
0.002078

   11
1.763000
0.175900
0.247000
0.006018
0.427000
0.057290
0.126900
0.006087

   12
4.859000
1.170000
0.373000
0.030470
0.386900
0.225500
0.657800
0.011550

   13
3.805000
1.597000
1.010000
2.068000
1.573000
3.225000
4.368000
0.233500

   14
7.200000
1.677000
0.246000
0.080320
0.328500
0.346200
0.819600
0.011430

   15
17.940001
7.577000
1.293000
2.113000
2.000000
3.728000
4.742000
2.975000

   16
15.990000
9.313000
2.423000
3.313000
3.817000
5.819000
6.251000
6.872000

   17
6.151000
2.520000
1.158000
0.893800
2.179000
2.266000
1.962000
3.887000

   18
0.239800
0.006596
0.608200
0.093210
1.777000
1.173000
0.595500
1.567000

   19
0.200100
0.000004
0.324400
0.002611
1.570000
1.157000
0.543000
0.320500

   20
0.170500
0.000000
0.306100
0.000000
1.392000
0.991600
0.501000
0.000016

   21
0.148000
0.000000
0.440000
0.000000
1.241000
0.748100
0.466300
0.000000

   22
2.053000
0.085150
0.728100
0.220200
1.113000
0.571900
0.442500
0.004443

   23
0.449600
0.006762
0.839200
0.548300
0.997000
0.436700
0.415600
0.007884

   24
17.410000
9.291000
1.700000
3.048000
2.316000
4.233000
6.411000
0.358000

   25
12.310000
12.140000
5.742000
8.887000
7.237000
10.670000
12.080000
3.575000

   26
12.710000
11.910000
6.041000
7.286000
5.745000
9.290000
11.280000
4.566000

   27
3.011000
0.489200
1.194000
0.632000
1.461000
0.559400
0.551600
3.903000

   28
11.860000
5.856000
1.597000
2.074000
2.578000
3.089000
4.241000
2.635000

   29
6.243000
1.858000
0.798800
0.593200
1.526000
1.061000
1.401000
1.594000

   30
2.278000
0.294600
0.220600
0.013500
1.194000
0.292000
0.375100
0.290700

   31
0.182800
0.000089
0.002608
0.001667
1.053000
0.207400
0.278700
0.003001

   32
0.156600
0.000008
0.002755
0.000050
0.933500
0.153300
0.256900
0.000163

   33
0.135800
0.000000
0.145400
0.000013
0.831800
0.115200
0.239100
0.000025

   34
0.118900
0.000002
0.328500
0.000027
0.742900
0.087840
0.223900
0.000043

   35
1.118000
0.002722
0.538500
0.041530
0.666900
0.070680
0.213000
0.003305

   36
6.098000
2.809000
0.608600
0.565800
0.627000
0.642300
1.540000
0.014060

   37
5.532000
2.450000
0.574200
0.611400
0.575000
0.734300
1.552000
0.011980

   38
5.172000
4.081000
1.244000
2.653000
1.992000
3.757000
5.197000
0.423600

   39
15.740000
7.377000
1.398000
2.508000
2.242000
3.395000
4.861000
1.253000

   40
8.009000
2.709000
0.263200
0.544700
0.951700
1.105000
1.735000
1.042000

   41
8.633000
3.261000
0.414800
0.766200
1.335000
1.524000
2.093000
1.325000

   42
3.538000
1.114000
0.048650
0.162500
0.859400
0.620100
0.814800
0.224500

   43
0.166900
0.001351
0.006831
0.005327
0.725200
0.194400
0.166200
0.007166

   44
0.141100
0.000000
0.000618
0.000306
0.639600
0.141800
0.150000
0.000700

   45
0.121600
0.000000
0.000006
0.000003
0.568800
0.105800
0.138800
0.000012

   46
2.328000
0.620500
0.094840
0.001046
0.509800
0.084460
0.253500
0.001113

   47
26.740000
13.090000
1.698000
3.306000
2.581000
5.383000
8.313000
1.066000

   48
5.421000
2.163000
1.783000
1.610000
1.968000
2.905000
1.611000
5.526000

   49
10.750000
5.540000
2.363000
2.210000
2.727000
4.801000
3.051000
7.138000

   50
4.681000
4.113000
2.373000
2.497000
2.956000
4.759000
2.954000
5.005000

   51
12.460000
8.264000
2.319000
2.917000
3.432000
5.891000
5.886000
5.261000

   52
5.096000
2.378000
2.037000
1.456000
3.274000
3.309000
1.886000
4.692000

   53
3.379000
1.150000
1.540000
1.063000
2.912000
2.121000
1.559000
1.931000

   54
0.264000
0.007881
1.074000
0.647400
2.573000
1.502000
1.235000
0.317000

   55
0.223600
0.000000
0.798300
0.433000
2.286000
1.409000
1.141000
0.002086

   56
0.191500
0.000000
0.713800
0.403300
2.032000
1.252000
1.058000
0.000028

   57
0.167100
0.000000
0.847200
0.584000
1.813000
0.952800
0.986100
0.000194

   58
1.051000
0.042560
1.024000
0.801800
1.622000
0.725400
0.923400
0.005037

   59
27.020000
13.760000
2.198000
4.277000
3.413000
6.024000
9.481000
0.468400

   60
0.539400
0.295700
1.256000
1.000000
1.338000
0.492900
0.839700
0.036070

   61
3.251000
1.121000
1.096000
1.041000
1.242000
0.698300
1.329000
0.049580

   62
2.422000
0.672000
0.857400
0.755700
1.072000
0.474500
1.075000
0.181800

   63
1.949000
0.127600
0.545800
0.409400
0.945900
0.223500
0.685000
0.013400

   64
11.650000
4.194000
0.536500
1.194000
1.442000
1.817000
3.127000
0.099630

   65
3.198000
0.263200
0.041840
0.018610
0.770500
0.176200
0.661000
0.021750

   66
0.231700
0.001655
0.006381
0.005189
0.675100
0.120400
0.553600
0.006705

   67
0.151600
0.000000
0.000446
0.000196
0.595600
0.085470
0.509400
0.000512

   68
0.127600
0.000000
0.000000
0.000000
0.526000
0.060000
0.469800
0.000000

   69
1.176000
0.003366
0.000357
0.000301
0.471200
0.046710
0.439700
0.000364

   70
0.115500
0.000606
0.011470
0.001830
0.424500
0.039200
0.413700
0.002048

   71
0.097260
0.000788
0.175200
0.001955
0.379000
0.030190
0.385300
0.002133

   72
0.083700
0.001556
0.277200
0.157300
0.338700
0.023770
0.359200
0.002694

   73
3.134000
0.191600
0.273900
0.259500
0.307900
0.024730
0.345900
0.008772

   74
1.850000
0.047000
0.125900
0.117500
0.272500
0.017340
0.315100
0.005340

   75
11.920000
3.484000
0.062660
0.430100
0.411500
0.892300
1.966000
0.028020

   76
12.110000
4.357000
0.112200
0.791200
0.576900
1.514000
2.777000
0.038030

   77
5.246000
1.668000
0.054050
0.344800
0.362300
0.668300
1.245000
0.024870

   78
0.169400
0.002672
0.007660
0.006801
0.190300
0.052950
0.262100
0.007775

   79
0.140600
0.000000
0.000246
0.000130
0.160700
0.032310
0.235800
0.000262

   80
0.118800
0.000000
0.000000
0.000000
0.139100
0.020090
0.215800
0.000000

   81
0.442200
0.003658
0.000096
0.000088
0.125500
0.015860
0.202800
0.000096

   82
2.001000
0.097620
0.003639
0.003591
0.119200
0.018750
0.198200
0.003642

   83
3.248000
0.332700
0.009946
0.009890
0.113000
0.021360
0.219700
0.009948

   84
1.663000
0.051070
0.009670
0.009626
0.101500
0.018130
0.178600
0.009671

   85
1.311000
0.105300
0.008693
0.008655
0.090480
0.014980
0.168400
0.008694

   86
13.510000
13.060000
2.981000
7.355000
5.041000
10.100000
12.790000
1.542000

   87
3.548000
0.908400
0.014650
0.029080
0.098680
0.183600
0.526000
0.015720

   88
1.553000
0.157300
0.005968
0.004755
0.080640
0.046760
0.160600
0.006417

   89
10.270000
3.766000
0.011490
0.313200
0.158200
0.816200
1.842000
0.008822

   90
2.017000
0.378500
0.011270
0.010210
0.076850
0.068230
0.190800
0.011410

   91
10.140000
6.239000
0.113800
0.998900
0.471900
2.101000
3.786000
0.015320

   92
0.139400
0.000099
0.002638
0.001925
0.064750
0.072360
0.135600
0.002753

   93
0.122400
0.000032
0.000501
0.000339
0.055680
0.053340
0.125300
0.000529

   94
0.106200
0.000012
0.000254
0.000176
0.049580
0.040330
0.117000
0.000268

   95
11.150000
2.549000
0.025620
0.122900
0.073770
0.422000
1.059000
0.025630

   96
1.861000
0.080090
0.020190
0.019930
0.060930
0.056130
0.131700
0.020190

   97
10.930000
6.619000
0.761800
2.130000
1.396000
3.289000
4.791000
0.349300

   98
22.770000
24.080000
12.870000
19.200001
15.960000
22.879999
25.240000
10.160000

   99
9.035000
3.772000
0.400900
0.971500
0.910700
1.558000
2.317000
2.027000

   100
8.567000
2.972000
0.199800
0.656100
0.877600
1.157000
1.742000
2.241000

   101
3.412000
0.799100
0.024290
0.053460
0.483500
0.270100
0.491300
0.773200

   102
0.253200
0.003092
0.009161
0.006465
0.416900
0.094430
0.123300
0.022960

   103
0.477400
0.000098
0.001607
0.000838
0.365200
0.066780
0.109800
0.001897

   104
1.364000
0.243600
0.000783
0.000520
0.323700
0.049320
0.115400
0.000884

   105
0.152800
0.000000
0.000004
0.000002
0.287400
0.036020
0.094170
0.000008

   106
0.452500
0.000519
0.001023
0.000934
0.258700
0.029300
0.090250
0.001049

   107
1.921000
0.459200
0.008421
0.004805
0.235200
0.027120
0.150900
0.004909

   108
0.736400
0.004599
0.108700
0.004919
0.210300
0.021740
0.085740
0.004977

   109
8.785000
2.995000
0.127600
0.186100
0.215400
0.602500
1.457000
0.018250

   110
1.553000
0.159200
0.020610
0.016190
0.183100
0.045400
0.112600
0.016490

   111
0.871700
0.005577
0.008119
0.007970
0.157300
0.030310
0.082030
0.008107

   112
3.238000
0.185900
0.006678
0.006603
0.139700
0.023590
0.094610
0.006674

   113
0.436400
0.002172
0.001437
0.001403
0.119200
0.013480
0.066730
0.001436

   114
0.109800
0.000000
0.000000
0.000000
0.099510
0.003505
0.055400
0.000000

   115
0.140100
0.000000
0.000000
0.000000
0.086530
0.000355
0.049640
0.000000

   116
0.251400
0.000000
0.000000
0.000000
0.075940
0.000000
0.045400
0.000000

   117
0.074920
0.000000
0.000000
0.000000
0.069410
0.000023
0.044260
0.000000

   118
0.805300
0.003133
0.000085
0.000084
0.063850
0.000703
0.043360
0.000085

   119
5.661000
1.486000
0.011490
0.022250
0.071130
0.185800
0.599700
0.011490

   120
0.196800
0.008007
0.008885
0.008867
0.061970
0.015120
0.050970
0.008884

   121
3.302000
0.558500
0.012060
0.012090
0.059380
0.041560
0.212600
0.012040

   122
2.589000
0.404900
0.006273
0.006401
0.048620
0.026320
0.168800
0.006261

   123
23.879999
14.160000
2.862000
5.564000
4.073000
7.568000
10.200000
1.974000

   124
4.720000
0.806400
0.033040
0.033910
0.080390
0.166800
0.394500
0.034910

   125
2.152000
0.536900
0.017470
0.027430
0.060660
0.157900
0.310300
0.018310

   126
0.446700
0.005747
0.004783
0.003864
0.043310
0.046720
0.052730
0.005132

   127
0.084140
0.000000
0.000010
0.000000
0.030080
0.027740
0.041580
0.000014

   128
0.071010
0.000000
0.000000
0.000000
0.024110
0.017710
0.036750
0.000000

   129
0.604800
0.000000
0.000000
0.000000
0.022410
0.013380
0.035570
0.000000

   130
0.716900
0.001352
0.001741
0.001673
0.026400
0.015820
0.039840
0.001755

   131
6.965000
1.989000
0.013160
0.076430
0.035440
0.336200
0.865200
0.013170

   132
8.445000
2.640000
0.061250
0.476900
0.233500
0.875500
1.457000
0.021910

   133
0.614800
0.028270
0.026560
0.025670
0.046670
0.040340
0.061380
0.026670

   134
0.126600
0.009193
0.012440
0.011970
0.030260
0.023270
0.046190
0.012500

   135
5.429000
1.418000
0.008213
0.050580
0.024540
0.275600
0.702000
0.008239

   136
1.935000
0.135900
0.007337
0.007146
0.021730
0.026740
0.061090
0.007350

   137
2.143000
0.264600
0.005706
0.005605
0.018540
0.020590
0.071420
0.005712

   138
0.120300
0.000000
0.000003
0.000001
0.006770
0.006621
0.030680
0.000003

   139
0.101000
0.000000
0.000000
0.000000
0.002541
0.001386
0.025170
0.000000

   140
0.084760
0.000000
0.000000
0.000000
0.000328
0.000004
0.021220
0.000000

   141
0.134800
0.000000
0.000000
0.000000
0.001587
0.000041
0.022190
0.000000

