   1 
1  7.318000e+00
2  1.162000e+01
3  6.457000e+00
4  1.628000e+01
5  1.315000e+00
6  1.896000e-01
7  1.602000e-01
8  1.365000e-01
9  1.180000e-01
10  7.746000e-01
11  1.763000e+00
12  4.859000e+00
13  3.805000e+00
14  7.200000e+00
15  1.794000e+01
16  1.599000e+01
17  6.151000e+00
18  2.398000e-01
19  2.001000e-01
20  1.705000e-01
21  1.480000e-01
22  2.053000e+00
23  4.496000e-01
24  1.741000e+01
25  1.231000e+01
26  1.271000e+01
27  3.011000e+00
28  1.186000e+01
29  6.243000e+00
30  2.278000e+00
31  1.828000e-01
32  1.566000e-01
33  1.358000e-01
34  1.189000e-01
35  1.118000e+00
36  6.098000e+00
37  5.532000e+00
38  5.172000e+00
39  1.574000e+01
40  8.009000e+00
41  8.633000e+00
42  3.538000e+00
43  1.669000e-01
44  1.411000e-01
45  1.216000e-01
46  2.328000e+00
47  2.674000e+01
48  5.421000e+00
49  1.075000e+01
50  4.681000e+00
51  1.246000e+01
52  5.096000e+00
53  3.379000e+00
54  2.640000e-01
55  2.236000e-01
56  1.915000e-01
57  1.671000e-01
58  1.051000e+00
59  2.702000e+01
60  5.394000e-01
61  3.251000e+00
62  2.422000e+00
63  1.949000e+00
64  1.165000e+01
65  3.198000e+00
66  2.317000e-01
67  1.516000e-01
68  1.276000e-01
69  1.176000e+00
70  1.155000e-01
71  9.726000e-02
72  8.370000e-02
73  3.134000e+00
74  1.850000e+00
75  1.192000e+01
76  1.211000e+01
77  5.246000e+00
78  1.694000e-01
79  1.406000e-01
80  1.188000e-01
81  4.422000e-01
82  2.001000e+00
83  3.248000e+00
84  1.663000e+00
85  1.311000e+00
86  1.351000e+01
87  3.548000e+00
88  1.553000e+00
89  1.027000e+01
90  2.017000e+00
91  1.014000e+01
92  1.394000e-01
93  1.224000e-01
94  1.062000e-01
95  1.115000e+01
96  1.861000e+00
97  1.093000e+01
98  2.277000e+01
99  9.035000e+00
100  8.567000e+00
101  3.412000e+00
102  2.532000e-01
103  4.774000e-01
104  1.364000e+00
105  1.528000e-01
106  4.525000e-01
107  1.921000e+00
108  7.364000e-01
109  8.785000e+00
110  1.553000e+00
111  8.717000e-01
112  3.238000e+00
113  4.364000e-01
114  1.098000e-01
115  1.401000e-01
116  2.514000e-01
117  7.492000e-02
118  8.053000e-01
119  5.661000e+00
120  1.968000e-01
121  3.302000e+00
122  2.589000e+00
123  2.388000e+01
124  4.720000e+00
125  2.152000e+00
126  4.467000e-01
127  8.414000e-02
128  7.101000e-02
129  6.048000e-01
130  7.169000e-01
131  6.965000e+00
132  8.445000e+00
133  6.148000e-01
134  1.266000e-01
135  5.429000e+00
136  1.935000e+00
137  2.143000e+00
138  1.203000e-01
139  1.010000e-01
140  8.476000e-02
141  1.348000e-01
   2 
1  2.489000e+00
2  1.396000e+01
3  1.638000e+00
4  7.631000e+00
5  8.413000e-02
6  2.868000e-04
7  0.000000e+00
8  0.000000e+00
9  0.000000e+00
10  1.642000e-03
11  1.759000e-01
12  1.170000e+00
13  1.597000e+00
14  1.677000e+00
15  7.577000e+00
16  9.313000e+00
17  2.520000e+00
18  6.596000e-03
19  4.026000e-06
20  0.000000e+00
21  0.000000e+00
22  8.515000e-02
23  6.762000e-03
24  9.291000e+00
25  1.214000e+01
26  1.191000e+01
27  4.892000e-01
28  5.856000e+00
29  1.858000e+00
30  2.946000e-01
31  8.863000e-05
32  7.895000e-06
33  0.000000e+00
34  1.829000e-06
35  2.722000e-03
36  2.809000e+00
37  2.450000e+00
38  4.081000e+00
39  7.377000e+00
40  2.709000e+00
41  3.261000e+00
42  1.114000e+00
43  1.351000e-03
44  0.000000e+00
45  0.000000e+00
46  6.205000e-01
47  1.309000e+01
48  2.163000e+00
49  5.540000e+00
50  4.113000e+00
51  8.264000e+00
52  2.378000e+00
53  1.150000e+00
54  7.881000e-03
55  0.000000e+00
56  0.000000e+00
57  0.000000e+00
58  4.256000e-02
59  1.376000e+01
60  2.957000e-01
61  1.121000e+00
62  6.720000e-01
63  1.276000e-01
64  4.194000e+00
65  2.632000e-01
66  1.655000e-03
67  0.000000e+00
68  0.000000e+00
69  3.366000e-03
70  6.056000e-04
71  7.879000e-04
72  1.556000e-03
73  1.916000e-01
74  4.700000e-02
75  3.484000e+00
76  4.357000e+00
77  1.668000e+00
78  2.672000e-03
79  0.000000e+00
80  0.000000e+00
81  3.658000e-03
82  9.762000e-02
83  3.327000e-01
84  5.107000e-02
85  1.053000e-01
86  1.306000e+01
87  9.084000e-01
88  1.573000e-01
89  3.766000e+00
90  3.785000e-01
91  6.239000e+00
92  9.906000e-05
93  3.225000e-05
94  1.158000e-05
95  2.549000e+00
96  8.009000e-02
97  6.619000e+00
98  2.408000e+01
99  3.772000e+00
100  2.972000e+00
101  7.991000e-01
102  3.092000e-03
103  9.821000e-05
104  2.436000e-01
105  0.000000e+00
106  5.186000e-04
107  4.592000e-01
108  4.599000e-03
109  2.995000e+00
110  1.592000e-01
111  5.577000e-03
112  1.859000e-01
113  2.172000e-03
114  0.000000e+00
115  0.000000e+00
116  0.000000e+00
117  0.000000e+00
118  3.133000e-03
119  1.486000e+00
120  8.007000e-03
121  5.585000e-01
122  4.049000e-01
123  1.416000e+01
124  8.064000e-01
125  5.369000e-01
126  5.747000e-03
127  0.000000e+00
128  0.000000e+00
129  0.000000e+00
130  1.352000e-03
131  1.989000e+00
132  2.640000e+00
133  2.827000e-02
134  9.193000e-03
135  1.418000e+00
136  1.359000e-01
137  2.646000e-01
138  0.000000e+00
139  0.000000e+00
140  0.000000e+00
141  0.000000e+00
   3 
1  5.764000e-01
2  5.305000e+00
3  4.082000e-01
4  1.968000e+00
5  1.352000e-01
6  5.267000e-03
7  3.733000e-04
8  0.000000e+00
9  0.000000e+00
10  8.165000e-02
11  2.470000e-01
12  3.730000e-01
13  1.010000e+00
14  2.460000e-01
15  1.293000e+00
16  2.423000e+00
17  1.158000e+00
18  6.082000e-01
19  3.244000e-01
20  3.061000e-01
21  4.400000e-01
22  7.281000e-01
23  8.392000e-01
24  1.700000e+00
25  5.742000e+00
26  6.041000e+00
27  1.194000e+00
28  1.597000e+00
29  7.988000e-01
30  2.206000e-01
31  2.608000e-03
32  2.755000e-03
33  1.454000e-01
34  3.285000e-01
35  5.385000e-01
36  6.086000e-01
37  5.742000e-01
38  1.244000e+00
39  1.398000e+00
40  2.632000e-01
41  4.148000e-01
42  4.865000e-02
43  6.831000e-03
44  6.183000e-04
45  6.410000e-06
46  9.484000e-02
47  1.698000e+00
48  1.783000e+00
49  2.363000e+00
50  2.373000e+00
51  2.319000e+00
52  2.037000e+00
53  1.540000e+00
54  1.074000e+00
55  7.983000e-01
56  7.138000e-01
57  8.472000e-01
58  1.024000e+00
59  2.198000e+00
60  1.256000e+00
61  1.096000e+00
62  8.574000e-01
63  5.458000e-01
64  5.365000e-01
65  4.184000e-02
66  6.381000e-03
67  4.462000e-04
68  0.000000e+00
69  3.565000e-04
70  1.147000e-02
71  1.752000e-01
72  2.772000e-01
73  2.739000e-01
74  1.259000e-01
75  6.266000e-02
76  1.122000e-01
77  5.405000e-02
78  7.660000e-03
79  2.459000e-04
80  0.000000e+00
81  9.552000e-05
82  3.639000e-03
83  9.946000e-03
84  9.670000e-03
85  8.693000e-03
86  2.981000e+00
87  1.465000e-02
88  5.968000e-03
89  1.149000e-02
90  1.127000e-02
91  1.138000e-01
92  2.638000e-03
93  5.013000e-04
94  2.540000e-04
95  2.562000e-02
96  2.019000e-02
97  7.618000e-01
98  1.287000e+01
99  4.009000e-01
100  1.998000e-01
101  2.429000e-02
102  9.161000e-03
103  1.607000e-03
104  7.833000e-04
105  4.043000e-06
106  1.023000e-03
107  8.421000e-03
108  1.087000e-01
109  1.276000e-01
110  2.061000e-02
111  8.119000e-03
112  6.678000e-03
113  1.437000e-03
114  0.000000e+00
115  0.000000e+00
116  0.000000e+00
117  0.000000e+00
118  8.468000e-05
119  1.149000e-02
120  8.885000e-03
121  1.206000e-02
122  6.273000e-03
123  2.862000e+00
124  3.304000e-02
125  1.747000e-02
126  4.783000e-03
127  9.933000e-06
128  0.000000e+00
129  0.000000e+00
130  1.741000e-03
131  1.316000e-02
132  6.125000e-02
133  2.656000e-02
134  1.244000e-02
135  8.213000e-03
136  7.337000e-03
137  5.706000e-03
138  3.304000e-06
139  0.000000e+00
140  0.000000e+00
141  0.000000e+00
   4 
1  7.187000e-01
2  9.021000e+00
3  3.756000e-01
4  2.937000e+00
5  2.826000e-02
6  3.126000e-03
7  1.014000e-04
8  0.000000e+00
9  0.000000e+00
10  2.012000e-03
11  6.018000e-03
12  3.047000e-02
13  2.068000e+00
14  8.032000e-02
15  2.113000e+00
16  3.313000e+00
17  8.938000e-01
18  9.321000e-02
19  2.611000e-03
20  0.000000e+00
21  0.000000e+00
22  2.202000e-01
23  5.483000e-01
24  3.048000e+00
25  8.887000e+00
26  7.286000e+00
27  6.320000e-01
28  2.074000e+00
29  5.932000e-01
30  1.350000e-02
31  1.667000e-03
32  5.011000e-05
33  1.314000e-05
34  2.669000e-05
35  4.153000e-02
36  5.658000e-01
37  6.114000e-01
38  2.653000e+00
39  2.508000e+00
40  5.447000e-01
41  7.662000e-01
42  1.625000e-01
43  5.327000e-03
44  3.063000e-04
45  3.319000e-06
46  1.046000e-03
47  3.306000e+00
48  1.610000e+00
49  2.210000e+00
50  2.497000e+00
51  2.917000e+00
52  1.456000e+00
53  1.063000e+00
54  6.474000e-01
55  4.330000e-01
56  4.033000e-01
57  5.840000e-01
58  8.018000e-01
59  4.277000e+00
60  1.000000e+00
61  1.041000e+00
62  7.557000e-01
63  4.094000e-01
64  1.194000e+00
65  1.861000e-02
66  5.189000e-03
67  1.965000e-04
68  0.000000e+00
69  3.011000e-04
70  1.830000e-03
71  1.955000e-03
72  1.573000e-01
73  2.595000e-01
74  1.175000e-01
75  4.301000e-01
76  7.912000e-01
77  3.448000e-01
78  6.801000e-03
79  1.302000e-04
80  0.000000e+00
81  8.786000e-05
82  3.591000e-03
83  9.890000e-03
84  9.626000e-03
85  8.655000e-03
86  7.355000e+00
87  2.908000e-02
88  4.755000e-03
89  3.132000e-01
90  1.021000e-02
91  9.989000e-01
92  1.925000e-03
93  3.386000e-04
94  1.762000e-04
95  1.229000e-01
96  1.993000e-02
97  2.130000e+00
98  1.920000e+01
99  9.715000e-01
100  6.561000e-01
101  5.346000e-02
102  6.465000e-03
103  8.382000e-04
104  5.197000e-04
105  1.675000e-06
106  9.341000e-04
107  4.805000e-03
108  4.919000e-03
109  1.861000e-01
110  1.619000e-02
111  7.970000e-03
112  6.603000e-03
113  1.403000e-03
114  0.000000e+00
115  0.000000e+00
116  0.000000e+00
117  0.000000e+00
118  8.397000e-05
119  2.225000e-02
120  8.867000e-03
121  1.209000e-02
122  6.401000e-03
123  5.564000e+00
124  3.391000e-02
125  2.743000e-02
126  3.864000e-03
127  0.000000e+00
128  0.000000e+00
129  0.000000e+00
130  1.673000e-03
131  7.643000e-02
132  4.769000e-01
133  2.567000e-02
134  1.197000e-02
135  5.058000e-02
136  7.146000e-03
137  5.605000e-03
138  1.126000e-06
139  0.000000e+00
140  0.000000e+00
141  0.000000e+00
   5 
1  7.343000e-01
2  7.171000e+00
3  7.081000e-01
4  3.017000e+00
5  8.635000e-01
6  7.520000e-01
7  6.639000e-01
8  5.879000e-01
9  5.236000e-01
10  4.728000e-01
11  4.270000e-01
12  3.869000e-01
13  1.573000e+00
14  3.285000e-01
15  2.000000e+00
16  3.817000e+00
17  2.179000e+00
18  1.777000e+00
19  1.570000e+00
20  1.392000e+00
21  1.241000e+00
22  1.113000e+00
23  9.970000e-01
24  2.316000e+00
25  7.237000e+00
26  5.745000e+00
27  1.461000e+00
28  2.578000e+00
29  1.526000e+00
30  1.194000e+00
31  1.053000e+00
32  9.335000e-01
33  8.318000e-01
34  7.429000e-01
35  6.669000e-01
36  6.270000e-01
37  5.750000e-01
38  1.992000e+00
39  2.242000e+00
40  9.517000e-01
41  1.335000e+00
42  8.594000e-01
43  7.252000e-01
44  6.396000e-01
45  5.688000e-01
46  5.098000e-01
47  2.581000e+00
48  1.968000e+00
49  2.727000e+00
50  2.956000e+00
51  3.432000e+00
52  3.274000e+00
53  2.912000e+00
54  2.573000e+00
55  2.286000e+00
56  2.032000e+00
57  1.813000e+00
58  1.622000e+00
59  3.413000e+00
60  1.338000e+00
61  1.242000e+00
62  1.072000e+00
63  9.459000e-01
64  1.442000e+00
65  7.705000e-01
66  6.751000e-01
67  5.956000e-01
68  5.260000e-01
69  4.712000e-01
70  4.245000e-01
71  3.790000e-01
72  3.387000e-01
73  3.079000e-01
74  2.725000e-01
75  4.115000e-01
76  5.769000e-01
77  3.623000e-01
78  1.903000e-01
79  1.607000e-01
80  1.391000e-01
81  1.255000e-01
82  1.192000e-01
83  1.130000e-01
84  1.015000e-01
85  9.048000e-02
86  5.041000e+00
87  9.868000e-02
88  8.064000e-02
89  1.582000e-01
90  7.685000e-02
91  4.719000e-01
92  6.475000e-02
93  5.568000e-02
94  4.958000e-02
95  7.377000e-02
96  6.093000e-02
97  1.396000e+00
98  1.596000e+01
99  9.107000e-01
100  8.776000e-01
101  4.835000e-01
102  4.169000e-01
103  3.652000e-01
104  3.237000e-01
105  2.874000e-01
106  2.587000e-01
107  2.352000e-01
108  2.103000e-01
109  2.154000e-01
110  1.831000e-01
111  1.573000e-01
112  1.397000e-01
113  1.192000e-01
114  9.951000e-02
115  8.653000e-02
116  7.594000e-02
117  6.941000e-02
118  6.385000e-02
119  7.113000e-02
120  6.197000e-02
121  5.938000e-02
122  4.862000e-02
123  4.073000e+00
124  8.039000e-02
125  6.066000e-02
126  4.331000e-02
127  3.008000e-02
128  2.411000e-02
129  2.241000e-02
130  2.640000e-02
131  3.544000e-02
132  2.335000e-01
133  4.667000e-02
134  3.026000e-02
135  2.454000e-02
136  2.173000e-02
137  1.854000e-02
138  6.770000e-03
139  2.541000e-03
140  3.277000e-04
141  1.587000e-03
   6 
1  1.272000e+00
2  1.169000e+01
3  7.328000e-01
4  4.271000e+00
5  3.128000e-01
6  2.108000e-01
7  1.541000e-01
8  1.128000e-01
9  8.404000e-02
10  6.863000e-02
11  5.729000e-02
12  2.255000e-01
13  3.225000e+00
14  3.462000e-01
15  3.728000e+00
16  5.819000e+00
17  2.266000e+00
18  1.173000e+00
19  1.157000e+00
20  9.916000e-01
21  7.481000e-01
22  5.719000e-01
23  4.367000e-01
24  4.233000e+00
25  1.067000e+01
26  9.290000e+00
27  5.594000e-01
28  3.089000e+00
29  1.061000e+00
30  2.920000e-01
31  2.074000e-01
32  1.533000e-01
33  1.152000e-01
34  8.784000e-02
35  7.068000e-02
36  6.423000e-01
37  7.343000e-01
38  3.757000e+00
39  3.395000e+00
40  1.105000e+00
41  1.524000e+00
42  6.201000e-01
43  1.944000e-01
44  1.418000e-01
45  1.058000e-01
46  8.446000e-02
47  5.383000e+00
48  2.905000e+00
49  4.801000e+00
50  4.759000e+00
51  5.891000e+00
52  3.309000e+00
53  2.121000e+00
54  1.502000e+00
55  1.409000e+00
56  1.252000e+00
57  9.528000e-01
58  7.254000e-01
59  6.024000e+00
60  4.929000e-01
61  6.983000e-01
62  4.745000e-01
63  2.235000e-01
64  1.817000e+00
65  1.762000e-01
66  1.204000e-01
67  8.547000e-02
68  6.000000e-02
69  4.671000e-02
70  3.920000e-02
71  3.019000e-02
72  2.377000e-02
73  2.473000e-02
74  1.734000e-02
75  8.923000e-01
76  1.514000e+00
77  6.683000e-01
78  5.295000e-02
79  3.231000e-02
80  2.009000e-02
81  1.586000e-02
82  1.875000e-02
83  2.136000e-02
84  1.813000e-02
85  1.498000e-02
86  1.010000e+01
87  1.836000e-01
88  4.676000e-02
89  8.162000e-01
90  6.823000e-02
91  2.101000e+00
92  7.236000e-02
93  5.334000e-02
94  4.033000e-02
95  4.220000e-01
96  5.613000e-02
97  3.289000e+00
98  2.288000e+01
99  1.558000e+00
100  1.157000e+00
101  2.701000e-01
102  9.443000e-02
103  6.678000e-02
104  4.932000e-02
105  3.602000e-02
106  2.930000e-02
107  2.712000e-02
108  2.174000e-02
109  6.025000e-01
110  4.540000e-02
111  3.031000e-02
112  2.359000e-02
113  1.348000e-02
114  3.505000e-03
115  3.546000e-04
116  0.000000e+00
117  2.301000e-05
118  7.028000e-04
119  1.858000e-01
120  1.512000e-02
121  4.156000e-02
122  2.632000e-02
123  7.568000e+00
124  1.668000e-01
125  1.579000e-01
126  4.672000e-02
127  2.774000e-02
128  1.771000e-02
129  1.338000e-02
130  1.582000e-02
131  3.362000e-01
132  8.755000e-01
133  4.034000e-02
134  2.327000e-02
135  2.756000e-01
136  2.674000e-02
137  2.059000e-02
138  6.621000e-03
139  1.386000e-03
140  4.462000e-06
141  4.108000e-05
   7 
1  1.964000e+00
2  1.348000e+01
3  1.131000e+00
4  5.613000e+00
5  1.574000e-01
6  1.019000e-01
7  8.998000e-02
8  8.163000e-02
9  7.599000e-02
10  7.694000e-02
11  1.269000e-01
12  6.578000e-01
13  4.368000e+00
14  8.196000e-01
15  4.742000e+00
16  6.251000e+00
17  1.962000e+00
18  5.955000e-01
19  5.430000e-01
20  5.010000e-01
21  4.663000e-01
22  4.425000e-01
23  4.156000e-01
24  6.411000e+00
25  1.208000e+01
26  1.128000e+01
27  5.516000e-01
28  4.241000e+00
29  1.401000e+00
30  3.751000e-01
31  2.787000e-01
32  2.569000e-01
33  2.391000e-01
34  2.239000e-01
35  2.130000e-01
36  1.540000e+00
37  1.552000e+00
38  5.197000e+00
39  4.861000e+00
40  1.735000e+00
41  2.093000e+00
42  8.148000e-01
43  1.662000e-01
44  1.500000e-01
45  1.388000e-01
46  2.535000e-01
47  8.313000e+00
48  1.611000e+00
49  3.051000e+00
50  2.954000e+00
51  5.886000e+00
52  1.886000e+00
53  1.559000e+00
54  1.235000e+00
55  1.141000e+00
56  1.058000e+00
57  9.861000e-01
58  9.234000e-01
59  9.481000e+00
60  8.397000e-01
61  1.329000e+00
62  1.075000e+00
63  6.850000e-01
64  3.127000e+00
65  6.610000e-01
66  5.536000e-01
67  5.094000e-01
68  4.698000e-01
69  4.397000e-01
70  4.137000e-01
71  3.853000e-01
72  3.592000e-01
73  3.459000e-01
74  3.151000e-01
75  1.966000e+00
76  2.777000e+00
77  1.245000e+00
78  2.621000e-01
79  2.358000e-01
80  2.158000e-01
81  2.028000e-01
82  1.982000e-01
83  2.197000e-01
84  1.786000e-01
85  1.684000e-01
86  1.279000e+01
87  5.260000e-01
88  1.606000e-01
89  1.842000e+00
90  1.908000e-01
91  3.786000e+00
92  1.356000e-01
93  1.253000e-01
94  1.170000e-01
95  1.059000e+00
96  1.317000e-01
97  4.791000e+00
98  2.524000e+01
99  2.317000e+00
100  1.742000e+00
101  4.913000e-01
102  1.233000e-01
103  1.098000e-01
104  1.154000e-01
105  9.417000e-02
106  9.025000e-02
107  1.509000e-01
108  8.574000e-02
109  1.457000e+00
110  1.126000e-01
111  8.203000e-02
112  9.461000e-02
113  6.673000e-02
114  5.540000e-02
115  4.964000e-02
116  4.540000e-02
117  4.426000e-02
118  4.336000e-02
119  5.997000e-01
120  5.097000e-02
121  2.126000e-01
122  1.688000e-01
123  1.020000e+01
124  3.945000e-01
125  3.103000e-01
126  5.273000e-02
127  4.158000e-02
128  3.675000e-02
129  3.557000e-02
130  3.984000e-02
131  8.652000e-01
132  1.457000e+00
133  6.138000e-02
134  4.619000e-02
135  7.020000e-01
136  6.109000e-02
137  7.142000e-02
138  3.068000e-02
139  2.517000e-02
140  2.122000e-02
141  2.219000e-02
   8 
1  8.247000e-02
2  3.945000e+00
3  1.682000e+00
4  3.729000e+00
5  1.096000e+00
6  3.633000e-02
7  4.878000e-04
8  0.000000e+00
9  0.000000e+00
10  2.078000e-03
11  6.087000e-03
12  1.155000e-02
13  2.335000e-01
14  1.143000e-02
15  2.975000e+00
16  6.872000e+00
17  3.887000e+00
18  1.567000e+00
19  3.205000e-01
20  1.567000e-05
21  0.000000e+00
22  4.443000e-03
23  7.884000e-03
24  3.580000e-01
25  3.575000e+00
26  4.566000e+00
27  3.903000e+00
28  2.635000e+00
29  1.594000e+00
30  2.907000e-01
31  3.001000e-03
32  1.635000e-04
33  2.536000e-05
34  4.309000e-05
35  3.305000e-03
36  1.406000e-02
37  1.198000e-02
38  4.236000e-01
39  1.253000e+00
40  1.042000e+00
41  1.325000e+00
42  2.245000e-01
43  7.166000e-03
44  7.005000e-04
45  1.163000e-05
46  1.113000e-03
47  1.066000e+00
48  5.526000e+00
49  7.138000e+00
50  5.005000e+00
51  5.261000e+00
52  4.692000e+00
53  1.931000e+00
54  3.170000e-01
55  2.086000e-03
56  2.819000e-05
57  1.940000e-04
58  5.037000e-03
59  4.684000e-01
60  3.607000e-02
61  4.958000e-02
62  1.818000e-01
63  1.340000e-02
64  9.963000e-02
65  2.175000e-02
66  6.705000e-03
67  5.123000e-04
68  0.000000e+00
69  3.639000e-04
70  2.048000e-03
71  2.133000e-03
72  2.694000e-03
73  8.772000e-03
74  5.340000e-03
75  2.802000e-02
76  3.803000e-02
77  2.487000e-02
78  7.775000e-03
79  2.621000e-04
80  0.000000e+00
81  9.627000e-05
82  3.642000e-03
83  9.948000e-03
84  9.671000e-03
85  8.694000e-03
86  1.542000e+00
87  1.572000e-02
88  6.417000e-03
89  8.822000e-03
90  1.141000e-02
91  1.532000e-02
92  2.753000e-03
93  5.292000e-04
94  2.678000e-04
95  2.563000e-02
96  2.019000e-02
97  3.493000e-01
98  1.016000e+01
99  2.027000e+00
100  2.241000e+00
101  7.732000e-01
102  2.296000e-02
103  1.897000e-03
104  8.844000e-04
105  8.447000e-06
106  1.049000e-03
107  4.909000e-03
108  4.977000e-03
109  1.825000e-02
110  1.649000e-02
111  8.107000e-03
112  6.674000e-03
113  1.436000e-03
114  0.000000e+00
115  0.000000e+00
116  0.000000e+00
117  0.000000e+00
118  8.479000e-05
119  1.149000e-02
120  8.884000e-03
121  1.204000e-02
122  6.261000e-03
123  1.974000e+00
124  3.491000e-02
125  1.831000e-02
126  5.132000e-03
127  1.372000e-05
128  0.000000e+00
129  0.000000e+00
130  1.755000e-03
131  1.317000e-02
132  2.191000e-02
133  2.667000e-02
134  1.250000e-02
135  8.239000e-03
136  7.350000e-03
137  5.712000e-03
138  3.450000e-06
139  0.000000e+00
140  0.000000e+00
141  0.000000e+00
