Stname  observed          L95PPU          U95PPU        Best_Sim
FLOW_OUT_1     1.380000        0.033885        0.804812        0.031800       
FLOW_OUT_1     1.890000        2.266707        9.696434        2.247000       
FLOW_OUT_1     5.200000        0.052007        1.045995        0.049400       
FLOW_OUT_1     6.730000        1.426207        5.651434        1.415000       
FLOW_OUT_1     2.710000        0.020986        0.140052        0.020700       
FLOW_OUT_1     0.140000        0.003443        0.087278        0.003200       
FLOW_OUT_1     0.030000        0.000302        0.075039        0.000100       
FLOW_OUT_1     0.000000        0.000176        0.066585        0.000000       
FLOW_OUT_1     0.000000        0.000161        0.060858        0.000000       
FLOW_OUT_1     0.190000        0.002102        0.061589        0.001900       
FLOW_OUT_1     0.840000        0.006032        0.061739        0.005900       
FLOW_OUT_1     1.420000        0.011824        0.190475        0.011400       
FLOW_OUT_1     1.040000        0.013842        0.331371        0.013000       
FLOW_OUT_1     1.020000        0.013879        0.722356        0.012000       
FLOW_OUT_1     9.850000        0.628532        4.938491        0.617100       
FLOW_OUT_1     11.070000       1.993948        6.498156        1.982000       
FLOW_OUT_1     1.770000        0.662215        1.874270        0.659000       
FLOW_OUT_1     0.160000        0.044183        0.116953        0.044000       
FLOW_OUT_1     0.080000        0.002232        0.096027        0.002000       
FLOW_OUT_1     0.000000        0.000224        0.084814        0.000000       
FLOW_OUT_1     0.000000        0.000206        0.077934        0.000000       
FLOW_OUT_1     0.190000        0.004394        0.078609        0.004200       
FLOW_OUT_1     0.560000        0.007738        0.076157        0.007600       
FLOW_OUT_1     2.200000        0.229090        4.410019        0.218000       
FLOW_OUT_1     1.510000        3.195642        8.338865        3.182000       
FLOW_OUT_1     1.730000        4.032393        11.343364       4.013000       
FLOW_OUT_1     6.920000        0.229675        0.484244        0.229000       
FLOW_OUT_1     28.280001       0.919109        3.749812        0.911600       
FLOW_OUT_1     18.370001       0.129909        1.038008        0.127500       
FLOW_OUT_1     4.150000        0.014034        0.143826        0.013700       
FLOW_OUT_1     0.110000        0.001921        0.084038        0.001700       
FLOW_OUT_1     0.010000        0.000246        0.074648        0.000000       
FLOW_OUT_1     0.160000        0.000191        0.068315        0.000000       
FLOW_OUT_1     0.920000        0.000193        0.063808        0.000000       
FLOW_OUT_1     1.850000        0.003319        0.062903        0.003200       
FLOW_OUT_1     2.040000        0.015400        0.573436        0.013900       
FLOW_OUT_1     1.800000        0.013578        1.390641        0.009900       
FLOW_OUT_1     2.170000        0.039502        2.362444        0.033300       
FLOW_OUT_1     10.310000       0.244227        4.099995        0.234000       
FLOW_OUT_1     32.169998       0.031288        1.270675        0.028000       
FLOW_OUT_1     17.639999       0.143000        1.651000        0.139000       
FLOW_OUT_1     2.860000        0.023796        0.602906        0.022300       
FLOW_OUT_1     0.150000        0.005182        0.078360        0.005000       
FLOW_OUT_1     0.100000        0.000368        0.067030        0.000200       
FLOW_OUT_1     0.110000        0.000160        0.060489        0.000000       
FLOW_OUT_1     0.690000        0.001144        0.077211        0.000900       
FLOW_OUT_1     3.670000        0.201002        5.819149        0.186100       
FLOW_OUT_1     4.090000        0.587978        1.823878        0.584700       
FLOW_OUT_1     12.840000       2.716860        4.926079        2.711000       
FLOW_OUT_1     5.680000        2.178182        3.377985        2.175000       
FLOW_OUT_1     30.340000       1.812200        4.526601        1.805000       
FLOW_OUT_1     21.820000       1.193970        1.559660        1.581000       
FLOW_OUT_1     4.240000        0.820989        0.892148        0.896300       
FLOW_OUT_1     0.670000        0.290679        0.396051        0.290400       
FLOW_OUT_1     0.160000        0.011558        0.342488        0.010700       
FLOW_OUT_1     0.080000        0.000822        0.310527        0.000000       
FLOW_OUT_1     0.270000        0.000758        0.285579        0.000000       
FLOW_OUT_1     0.970000        0.003564        0.267120        0.002900       
FLOW_OUT_1     6.450000        0.302981        6.177207        0.287400       
FLOW_OUT_1     1.110000        0.272916        0.279042        0.272900       
FLOW_OUT_1     0.890000        0.158073        0.713394        0.156600       
FLOW_OUT_1     2.050000        0.027934        0.383831        0.027000       
FLOW_OUT_1     6.180000        0.010972        0.196286        0.010500       
FLOW_OUT_1     10.860000       0.035287        1.885056        0.030400       
FLOW_OUT_1     5.540000        0.019222        0.185969        0.018800       
FLOW_OUT_1     7.060000        0.005208        0.155811        0.004800       
FLOW_OUT_1     0.200000        0.000446        0.136652        0.000100       
FLOW_OUT_1     0.000000        0.000321        0.121338        0.000000       
FLOW_OUT_1     0.090000        0.000453        0.113314        0.000200       
FLOW_OUT_1     1.070000        0.001436        0.107982        0.001200       
FLOW_OUT_1     1.650000        0.001550        0.099296        0.001300       
FLOW_OUT_1     1.980000        0.002184        0.091526        0.001900       
FLOW_OUT_1     1.930000        0.008187        0.089987        0.008000       
FLOW_OUT_1     2.980000        0.004712        0.079600        0.004500       
FLOW_OUT_1     4.750000        0.028524        0.900798        0.026200       
FLOW_OUT_1     17.879999       0.038259        1.549794        0.034200       
FLOW_OUT_1     9.790000        0.025033        0.689523        0.023300       
FLOW_OUT_1     0.850000        0.006958        0.084004        0.006800       
FLOW_OUT_1     1.090000        0.000270        0.068593        0.000100       
FLOW_OUT_1     0.050000        0.000157        0.059355        0.000000       
FLOW_OUT_1     0.000000        0.000209        0.056004        0.000100       
FLOW_OUT_1     1.040000        0.003411        0.058439        0.003300       
FLOW_OUT_1     1.980000        0.009505        0.060050        0.009400       
FLOW_OUT_1     1.950000        0.009281        0.055540        0.009200       
FLOW_OUT_1     1.840000        0.006975        0.049272        0.006900       
FLOW_OUT_1     2.770000        0.647960        5.571674        0.634900       
FLOW_OUT_1     3.580000        0.016403        0.598246        0.014900       
FLOW_OUT_1     10.160000       0.005843        0.054793        0.005700       
FLOW_OUT_1     2.840000        0.013808        1.782771        0.009100       
FLOW_OUT_1     0.320000        0.012579        0.087630        0.012400       
FLOW_OUT_1     2.050000        0.020207        1.904066        0.015200       
FLOW_OUT_1     0.000000        0.002852        0.061838        0.002700       
FLOW_OUT_1     0.000000        0.000595        0.054816        0.000500       
FLOW_OUT_1     0.230000        0.000301        0.050179        0.000200       
FLOW_OUT_1     0.700000        0.025579        0.398347        0.024600       
FLOW_OUT_1     0.880000        0.018989        0.067490        0.018900       
FLOW_OUT_1     2.070000        0.010936        0.100003        0.010700       
FLOW_OUT_1     1.800000        0.853682        10.799602       0.827300       
FLOW_OUT_1     11.490000       1.734028        6.268395        1.722000       
FLOW_OUT_1     8.530000        0.298193        1.992149        0.293700       
FLOW_OUT_1     2.710000        0.025304        0.569541        0.023900       
FLOW_OUT_1     0.540000        0.008833        0.091250        0.008600       
FLOW_OUT_1     0.000000        0.001691        0.078196        0.001500       
FLOW_OUT_1     0.000000        0.000961        0.070852        0.000800       
FLOW_OUT_1     0.000000        0.000176        0.063930        0.000000       
FLOW_OUT_1     0.250000        0.001214        0.060963        0.001100       
FLOW_OUT_1     0.770000        0.005111        0.061915        0.005000       
FLOW_OUT_1     1.050000        0.005145        0.056645        0.005000       
FLOW_OUT_1     1.190000        0.018781        0.516836        0.017500       
FLOW_OUT_1     1.440000        0.013493        0.067498        0.013300       
FLOW_OUT_1     1.330000        0.006343        0.056106        0.006200       
FLOW_OUT_1     1.380000        0.005841        0.051496        0.005700       
FLOW_OUT_1     0.230000        0.001203        0.042188        0.001100       
FLOW_OUT_1     0.210000        0.000085        0.032310        0.000000       
FLOW_OUT_1     0.090000        0.000073        0.027707        0.000000       
FLOW_OUT_1     0.080000        0.000065        0.024504        0.000000       
FLOW_OUT_1     0.000000        0.000064        0.024211        0.000000       
FLOW_OUT_1     0.020000        0.000145        0.024187        0.000100       
FLOW_OUT_1     0.720000        0.011661        0.136325        0.011300       
FLOW_OUT_1     1.220000        0.008759        0.034810        0.008700       
FLOW_OUT_1     1.330000        0.010772        0.041762        0.010700       
FLOW_OUT_1     0.980000        0.007259        0.775660        0.005200       
FLOW_OUT_1     3.270000        1.000353        7.994833        0.981800       
FLOW_OUT_1     2.240000        0.034201        0.106199        0.034000       
FLOW_OUT_1     0.330000        0.018090        0.131199        0.017800       
FLOW_OUT_1     0.130000        0.004861        0.031165        0.004800       
FLOW_OUT_1     0.000000        0.000063        0.020847        0.000000       
FLOW_OUT_1     0.000000        0.000045        0.017029        0.000000       
FLOW_OUT_1     0.000000        0.000044        0.016726        0.000000       
FLOW_OUT_1     0.290000        0.001640        0.021643        0.001600       
FLOW_OUT_1     0.430000        0.013544        0.282788        0.012800       
FLOW_OUT_1     0.650000        0.022683        0.920885        0.020300       
FLOW_OUT_1     1.230000        0.025129        0.043441        0.025100       
FLOW_OUT_1     1.030000        0.011576        0.028814        0.011500       
FLOW_OUT_1     2.350000        0.008131        0.199909        0.007600       
FLOW_OUT_1     0.730000        0.006984        0.025679        0.006900       
FLOW_OUT_1     0.480000        0.005506        0.022754        0.005500       
FLOW_OUT_1     0.110000        0.000030        0.011274        0.000000       
FLOW_OUT_1     0.000000        0.000019        0.007060        0.000000       
FLOW_OUT_1     0.000000        0.000011        0.004182        0.000000       
FLOW_OUT_1     0.000000        0.000016        0.005971        0.000000       
FLOW_OUT_3     46.270000       5.374760        42.607277       5.276000       
FLOW_OUT_3     59.360001       78.656723       247.072083      78.209999      
FLOW_OUT_3     143.550003      122.634003      361.651917      122.000000     
FLOW_OUT_3     233.869995      46.767448       215.456085      46.320000      
FLOW_OUT_3     91.639999       7.804650        32.177704       7.740000       
FLOW_OUT_3     6.960000        0.002210        0.835569        0.000000       
FLOW_OUT_3     0.970000        0.000000        0.000000        0.000000       
FLOW_OUT_3     0.480000        0.000000        0.000000        0.000000       
FLOW_OUT_3     0.850000        0.000000        0.000000        0.000000       
FLOW_OUT_3     10.820000       0.000000        0.000000        0.000000       
FLOW_OUT_3     28.090000       0.079350        29.994299       0.000000       
FLOW_OUT_3     40.009998       7.996770        24.875061       7.952000       
FLOW_OUT_3     48.169998       1.607080        12.570241       1.578000       
FLOW_OUT_3     56.700001       104.365753      279.953552      103.900002     
FLOW_OUT_3     213.419998      75.260628       343.166229      74.550003      
FLOW_OUT_3     329.299988      66.637802       239.228363      66.180000      
FLOW_OUT_3     72.669998       25.630449       82.350098       25.480000      
FLOW_OUT_3     10.330000       3.001005        22.983887       2.948000       
FLOW_OUT_3     2.970000        0.000000        0.000000        0.000000       
FLOW_OUT_3     0.720000        0.000000        0.000000        0.000000       
FLOW_OUT_3     3.100000        0.000000        0.000000        0.000000       
FLOW_OUT_3     22.889999       0.011590        4.381020        0.000000       
FLOW_OUT_3     36.410000       26.770926       117.599655      26.530001      
FLOW_OUT_3     72.680000       7.713933        93.267494       7.487000       
FLOW_OUT_3     66.180000       68.923203       145.529602      68.720001      
FLOW_OUT_3     97.110001       203.023758      475.877594      202.300003     
FLOW_OUT_3     150.589996      182.728760      419.767456      182.100006     
FLOW_OUT_3     458.170013      93.813751       249.797531      93.400002      
FLOW_OUT_3     423.709991      64.691444       129.328110      64.519997      
FLOW_OUT_3     241.699997      7.653048        23.504955       24.430000      
FLOW_OUT_3     43.450001       0.015827        5.982795        6.331000       
FLOW_OUT_3     15.970000       0.006087        2.301075        2.435000       
FLOW_OUT_3     23.639999       0.006935        2.621430        2.774000       
FLOW_OUT_3     40.430000       0.014023        5.300505        5.609000       
FLOW_OUT_3     57.029999       23.103775       88.616959       22.930000      
FLOW_OUT_3     72.389999       32.063374       52.185768       32.009998      
FLOW_OUT_3     61.619999       40.512348       135.648315      40.259998      
FLOW_OUT_3     77.900002       88.101318       213.010895      87.769997      
FLOW_OUT_3     173.649994      55.086151       223.284729      54.639999      
FLOW_OUT_3     415.100006      35.192398       130.347198      34.939999      
FLOW_OUT_3     277.350006      38.777699       135.930603      38.520000      
FLOW_OUT_3     73.370003       9.763847        10.837356       9.761000       
FLOW_OUT_3     10.470000       0.000516        0.195142        0.206500       
FLOW_OUT_3     13.220000       0.000000        0.000000        0.000000       
FLOW_OUT_3     10.850000       0.000000        0.000000        0.000000       
FLOW_OUT_3     23.260000       0.175030        1.317340        1.384000       
FLOW_OUT_3     129.690002      11.551650       204.443710      11.040000      
FLOW_OUT_3     138.770004      44.808575       134.751343      44.570000      
FLOW_OUT_3     201.979996      136.638504      301.953064      136.199997     
FLOW_OUT_3     155.270004      136.616241      218.142441      136.399994     
FLOW_OUT_3     448.420013      106.380249      249.734558      106.000000     
FLOW_OUT_3     459.179993      140.008759      294.107544      139.600006     
FLOW_OUT_3     226.210007      114.839996      205.320053      114.599998     
FLOW_OUT_3     59.330002       20.758200       38.929600       39.990002      
FLOW_OUT_3     16.129999       0.044132        16.169025       17.110001      
FLOW_OUT_3     4.810000        0.018327        6.927795        7.331000       
FLOW_OUT_3     16.580000       0.049245        10.339506       10.940000      
FLOW_OUT_3     62.240002       2.825737        14.413774       15.090000      
FLOW_OUT_3     256.359985      132.806000      549.767944      131.699997     
FLOW_OUT_3     122.720001      80.071999       107.215981      80.000000      
FLOW_OUT_3     115.000000      81.614777       128.654922      81.489998      
FLOW_OUT_3     146.210007      60.930901       132.900208      60.740002      
FLOW_OUT_3     225.839996      18.574049       20.100904       20.190001      
FLOW_OUT_3     340.769989      80.775551       267.597961      80.279999      
FLOW_OUT_3     326.320007      128.655258      262.584412      128.300003     
FLOW_OUT_3     197.050003      90.043480       140.363541      89.910004      
FLOW_OUT_3     31.150000       0.102525        38.754444       41.009998      
FLOW_OUT_3     11.440000       0.062575        23.653351       25.030001      
FLOW_OUT_3     19.100000       0.106337        23.117189       24.459999      
FLOW_OUT_3     44.599998       2.076660        24.945477       26.280001      
FLOW_OUT_3     50.490002       9.489923        24.163706       25.020000      
FLOW_OUT_3     55.730000       5.467890        22.014420       22.980000      
FLOW_OUT_3     69.220001       18.627325       21.388844       18.620001      
FLOW_OUT_3     111.110001      32.364803       139.734390      32.080002      
FLOW_OUT_3     155.419998      37.838799       97.706390       37.680000      
FLOW_OUT_3     631.669983      179.377258      472.400482      178.600006     
FLOW_OUT_3     255.000000      36.003601       52.440796       35.959999      
FLOW_OUT_3     26.420000       4.373100        13.081799       13.590000      
FLOW_OUT_3     17.910000       0.511959        3.361702        3.528000       
FLOW_OUT_3     6.510000        0.000163        0.061538        0.065100       
FLOW_OUT_3     17.540001       0.000487        0.184086        0.194800       
FLOW_OUT_3     36.080002       0.929551        3.550077        3.703000       
FLOW_OUT_3     52.349998       4.806710        6.582378        6.686000       
FLOW_OUT_3     59.099998       3.456102        6.133745        6.290000       
FLOW_OUT_3     55.590000       4.533708        10.832435       4.517000       
FLOW_OUT_3     60.889999       25.963276       128.987946      25.690001      
FLOW_OUT_3     88.389999       1.760735        41.245831       1.656000       
FLOW_OUT_3     219.330002      8.680152        137.294647      8.339000       
FLOW_OUT_3     134.919998      0.114775        43.384949       0.000000       
FLOW_OUT_3     31.590000       0.000042        0.015715        0.000000       
FLOW_OUT_3     14.520000       0.070475        26.639551       0.000000       
FLOW_OUT_3     0.420000        0.000000        0.000000        0.000000       
FLOW_OUT_3     2.000000        0.000000        0.000000        0.000000       
FLOW_OUT_3     14.250000       0.002660        1.005480        0.000000       
FLOW_OUT_3     58.400002       0.168650        63.749699       0.000000       
FLOW_OUT_3     53.360001       0.075661        24.230440       0.011600       
FLOW_OUT_3     52.180000       2.593222        29.821108       2.521000       
FLOW_OUT_3     83.910004       201.122253      548.810425      200.199997     
FLOW_OUT_3     305.769989      276.386749      686.091370      275.299988     
FLOW_OUT_3     497.130005      33.512127       75.783257       33.400002      
FLOW_OUT_3     184.199997      16.941450       47.648098       16.860001      
FLOW_OUT_3     30.969999       0.971916        1.468048        0.970600       
FLOW_OUT_3     4.650000        0.000000        0.000000        0.000000       
FLOW_OUT_3     5.040000        0.000000        0.000000        0.000000       
FLOW_OUT_3     5.600000        0.000000        0.000000        0.000000       
FLOW_OUT_3     20.709999       0.000000        0.000000        0.000000       
FLOW_OUT_3     38.689999       0.399984        0.997152        0.398400       
FLOW_OUT_3     40.400002       1.152557        2.493735        1.149000       
FLOW_OUT_3     48.580002       5.336653        83.621643       5.129000       
FLOW_OUT_3     56.580002       3.145045        23.143005       3.092000       
FLOW_OUT_3     57.889999       3.502835        28.699631       3.436000       
FLOW_OUT_3     60.840000       2.931803        41.688347       2.829000       
FLOW_OUT_3     13.460000       0.000000        0.000000        0.000000       
FLOW_OUT_3     1.590000        0.000000        0.000000        0.000000       
FLOW_OUT_3     2.690000        0.000000        0.000000        0.000000       
FLOW_OUT_3     4.980000        0.000000        0.000000        0.000000       
FLOW_OUT_3     2.630000        0.000000        0.000000        0.000000       
FLOW_OUT_3     6.330000        0.000000        0.000000        0.000000       
FLOW_OUT_3     19.650000       0.139525        52.740459       0.000000       
FLOW_OUT_3     26.809999       9.161018        49.883621       9.053000       
FLOW_OUT_3     29.209999       6.765125        50.167248       6.650000       
FLOW_OUT_3     32.029999       80.099998       230.899994      79.699997      
FLOW_OUT_3     111.699997      67.285156       385.906708      66.440002      
FLOW_OUT_3     127.099998      14.706800       81.360390       14.530000      
FLOW_OUT_3     23.690001       0.098585        1.800674        0.094100       
FLOW_OUT_3     2.260000        0.000000        0.000000        0.000000       
FLOW_OUT_3     0.550000        0.000000        0.000000        0.000000       
FLOW_OUT_3     0.270000        0.000000        0.000000        0.000000       
FLOW_OUT_3     0.220000        0.000000        0.000000        0.000000       
FLOW_OUT_3     0.770000        0.000000        0.000000        0.000000       
FLOW_OUT_3     10.320000       0.023970        9.060659        0.000000       
FLOW_OUT_3     25.840000       2.699890        50.160412       2.574000       
FLOW_OUT_3     30.219999       5.306135        20.437029       5.266000       
FLOW_OUT_3     39.669998       37.153950       200.753113      36.720001      
FLOW_OUT_3     70.370003       0.065243        13.808034       0.028800       
FLOW_OUT_3     47.970001       0.038275        14.467951       0.000000       
FLOW_OUT_3     13.910000       0.005115        1.933470        0.000000       
FLOW_OUT_3     0.350000        0.000000        0.000000        0.000000       
FLOW_OUT_3     0.250000        0.000000        0.000000        0.000000       
FLOW_OUT_3     0.200000        0.000000        0.000000        0.000000       
FLOW_OUT_3     0.190000        0.000000        0.000000        0.000000       
FLOW_OUT_7     2.080000        0.079775        30.154949       0.000000       
FLOW_OUT_7     12.510000       8.157030        22.871336       8.118000       
FLOW_OUT_7     22.180000       1.656018        10.333615       1.633000       
FLOW_OUT_7     44.610001       104.549248      273.916504      104.099998     
FLOW_OUT_7     35.090000       73.189552       302.989929      72.580002      
FLOW_OUT_7     53.520000       59.717300       186.879395      59.380001      
FLOW_OUT_7     85.519997       24.796200       68.603600       24.680000      
FLOW_OUT_7     373.470001      3.557415        23.694872       3.504000       
FLOW_OUT_7     306.000000      0.000000        0.000000        0.000000       
FLOW_OUT_7     113.190002      0.000000        0.000000        0.000000       
FLOW_OUT_7     23.120001       0.000000        0.000000        0.000000       
FLOW_OUT_7     5.820000        0.011965        4.522770        0.000000       
FLOW_OUT_7     20.209999       27.049974       117.520546      26.809999      
FLOW_OUT_7     28.910000       6.925740        56.591721       6.794000       
FLOW_OUT_7     37.340000       48.793102       83.891792       48.700001      
FLOW_OUT_7     50.110001       178.850006      386.199982      178.300003     
FLOW_OUT_7     54.509998       182.317749      415.209412      181.699997     
FLOW_OUT_7     60.209999       90.857727       221.950027      90.510002      
FLOW_OUT_7     125.029999      65.262222       122.651024      65.110001      
FLOW_OUT_7     192.000000      8.325945        24.893215       25.860001      
FLOW_OUT_7     157.570007      0.019720        7.454161        7.888000       
FLOW_OUT_7     52.119999       0.009500        3.591000        3.800000       
FLOW_OUT_7     7.700000        0.009595        3.626910        3.838000       
FLOW_OUT_7     10.060000       0.015802        5.973346        6.321000       
FLOW_OUT_7     8.250000        23.472950       88.675095       23.299999      
FLOW_OUT_7     14.400000       32.237251       46.280479       32.200001      
FLOW_OUT_7     66.620003       40.455925       125.629669      40.230000      
FLOW_OUT_7     88.949997       88.262329       198.468796      87.970001      
FLOW_OUT_7     138.669998      54.876701       189.352615      54.520000      
FLOW_OUT_7     122.690002      35.887852       121.787292      35.660000      
FLOW_OUT_7     285.640015      39.594322       124.164848      39.369999      
FLOW_OUT_7     254.139999      7.282592        10.898968       11.110000      
FLOW_OUT_7     151.619995      0.002207        0.834340        0.882900       
FLOW_OUT_7     48.040001       0.000000        0.000000        0.000000       
FLOW_OUT_7     14.620000       0.000000        0.000000        0.000000       
FLOW_OUT_7     5.410000        0.072175        1.951341        2.061000       
FLOW_OUT_7     12.660000       10.984751       156.035492      10.600000      
FLOW_OUT_7     37.650002       42.303749       119.117508      42.099998      
FLOW_OUT_7     109.150002      122.474495      263.660980      122.099998     
FLOW_OUT_7     67.889999       124.980499      193.029007      124.800003     
FLOW_OUT_7     77.660004       99.219696       212.206650      98.919998      
FLOW_OUT_7     112.949997      135.202499      286.945068      134.800003     
FLOW_OUT_7     146.029999      113.332497      200.985031      113.099998     
FLOW_OUT_7     244.229996      20.990376       39.981747       41.090000      
FLOW_OUT_7     272.320007      0.047911        17.662117       18.690001      
FLOW_OUT_7     184.839996      0.021875        8.268750        8.750000       
FLOW_OUT_7     25.330000       0.053092        11.322373       11.980000      
FLOW_OUT_7     14.940000       2.396367        14.975913       15.710000      
FLOW_OUT_7     13.710000       131.972504      498.604950      131.000000     
FLOW_OUT_7     34.990002       79.100426       105.650658      79.029999      
FLOW_OUT_7     42.610001       81.372604       123.822784      81.260002      
FLOW_OUT_7     46.639999       61.205200       131.025574      61.020000      
FLOW_OUT_7     51.619999       18.296251       20.652500       20.790001      
FLOW_OUT_7     75.379997       81.421852       255.539307      80.959999      
FLOW_OUT_7     105.970001      129.854004      263.312012      129.500000     
FLOW_OUT_7     353.000000      91.482872       141.576767      91.349998      
FLOW_OUT_7     175.979996      0.119603        40.342754       42.689999      
FLOW_OUT_7     27.830000       0.066500        25.137001       26.600000      
FLOW_OUT_7     24.930000       0.357564        24.170391       25.559999      
FLOW_OUT_7     3.530000        2.590003        25.587944       26.930000      
FLOW_OUT_7     8.890000        9.596633        24.538088       25.410000      
FLOW_OUT_7     30.360001       5.211085        22.208130       23.200001      
FLOW_OUT_7     37.720001       18.815800       21.002401       18.809999      
FLOW_OUT_7     40.000000       32.624649       139.937698      32.340000      
FLOW_OUT_7     43.650002       38.247051       89.914902       38.110001      
FLOW_OUT_7     42.340000       179.944504      460.620972      179.199997     
FLOW_OUT_7     52.340000       37.261375       49.089756       37.230000      
FLOW_OUT_7     139.320007      4.771835        14.511627       15.080000      
FLOW_OUT_7     74.980003       0.600280        4.815046        5.061000       
FLOW_OUT_7     18.090000       0.000844        0.319032        0.337600       
FLOW_OUT_7     8.580000        0.001293        0.488660        0.517100       
FLOW_OUT_7     0.320000        1.358732        4.273885        4.444000       
FLOW_OUT_7     2.390000        4.900220        6.868159        6.983000       
FLOW_OUT_7     8.920000        3.463670        6.355259        6.524000       
FLOW_OUT_7     34.740002       4.727172        10.824206       4.711000       
FLOW_OUT_7     33.070000       17.200424       66.370644       17.070000      
FLOW_OUT_7     34.290001       2.045375        38.001747       1.950000       
FLOW_OUT_7     55.840000       8.941503        138.064957      8.599000       
FLOW_OUT_7     198.839996      0.160378        32.427063       0.074800       
FLOW_OUT_7     308.329987      0.000325        0.122755        0.000000       
FLOW_OUT_7     125.529999      0.023250        8.788499        0.000000       
FLOW_OUT_7     38.580002       0.000000        0.000000        0.000000       
FLOW_OUT_7     5.960000        0.000000        0.000000        0.000000       
FLOW_OUT_7     4.310000        0.003198        1.208655        0.000000       
FLOW_OUT_7     5.180000        0.159850        60.423306       0.000000       
FLOW_OUT_7     15.410000       0.115739        23.986984       0.052400       
FLOW_OUT_7     23.180000       2.750348        28.894352       2.681000       
FLOW_OUT_7     25.400000       197.516754      467.731598      196.800003     
FLOW_OUT_7     30.809999       267.183014      637.774048      266.200012     
FLOW_OUT_7     32.810001       33.544601       61.668812       33.470001      
FLOW_OUT_7     35.470001       18.100351       44.622292       18.030001      
FLOW_OUT_7     33.680000       1.275095        1.687910        1.274000       
FLOW_OUT_7     10.440000       0.000000        0.000000        0.000000       
FLOW_OUT_7     0.750000        0.000000        0.000000        0.000000       
FLOW_OUT_7     3.830000        0.000000        0.000000        0.000000       
FLOW_OUT_7     2.030000        0.000000        0.000000        0.000000       
FLOW_OUT_7     1.580000        0.646185        1.055135        0.645100       
FLOW_OUT_7     4.550000        1.422410        2.330980        1.420000       
FLOW_OUT_7     9.700000        5.494723        78.528114       5.301000       
FLOW_OUT_7     14.480000       3.297937        23.255377       3.245000       
FLOW_OUT_7     16.940001       3.700990        28.956219       3.634000       
FLOW_OUT_7     23.990000       3.161280        42.097836       3.058000       
FLOW_OUT_7     69.919998       0.000000        0.000000        0.000000       
FLOW_OUT_7     63.209999       0.000000        0.000000        0.000000       
FLOW_OUT_7     15.770000       0.000000        0.000000        0.000000       
FLOW_OUT_7     3.850000        0.000000        0.000000        0.000000       
FLOW_OUT_7     1.260000        0.000000        0.000000        0.000000       
FLOW_OUT_7     0.340000        0.000000        0.000000        0.000000       
FLOW_OUT_7     0.400000        0.136300        51.521400       0.000000       
FLOW_OUT_7     0.620000        9.286577        49.843296       9.179000       
FLOW_OUT_7     7.900000        6.937317        50.035019       6.823000       
FLOW_OUT_7     0.980000        80.422653       224.681686      80.040001      
FLOW_OUT_7     3.270000        62.931374       319.809753      62.250000      
FLOW_OUT_7     2.240000        15.565375       81.681747       15.390000      
FLOW_OUT_7     0.330000        0.191225        1.369255        0.188100       
FLOW_OUT_7     0.130000        0.000000        0.000000        0.000000       
FLOW_OUT_7     0.000000        0.000000        0.000000        0.000000       
FLOW_OUT_7     0.000000        0.000000        0.000000        0.000000       
FLOW_OUT_7     0.000000        0.000000        0.000000        0.000000       
FLOW_OUT_7     0.290000        0.000025        0.009630        0.000000       
FLOW_OUT_7     0.430000        0.016708        6.315436        0.000000       
NO3_OUT_7     17000.000000    6670.705078     22770.488281    6628.000000    
NO3_OUT_7     510000.000000   59475.925781    302989.656250   58830.000000   
NO3_OUT_7     56000.000000    390.589508      40499.433594    284.200012     
NO3_OUT_7     61000.000000    74.500000       28161.000000    0.000000       
NO3_OUT_7     1100.000000     6.860000        2593.079834     0.000000       
NO3_OUT_7     14.000000       0.000000        0.000000        0.000000       
NO3_OUT_7     0.230000        0.000000        0.000000        0.000000       
NO3_OUT_7     5.800000        0.000000        0.000000        0.000000       
NO3_OUT_7     6.400000        0.000000        0.000000        0.000000       
NO3_OUT_7     3.200000        0.000000        0.000000        0.000000       
NO3_OUT_7     5800.000000     14.964999       5656.770508     0.000000       
NO3_OUT_7     7400.000000     32.224998       12181.049805    0.000000       
