 FLOW_OUT_1
observed          L95PPU         U95PPU         Best_Sim       M95PPU
1.380000        0.033885        0.804812        0.031800        0.440820       
1.890000        2.266707        9.696434        2.247000        6.188500       
5.200000        0.052007        1.045995        0.049400        0.576685       
6.730000        1.426207        5.651434        1.415000        3.656500       
2.710000        0.020986        0.140052        0.020700        0.083835       
0.140000        0.003443        0.087278        0.003200        0.047695       
0.030000        0.000302        0.075039        0.000100        0.039752       
0.000000        0.000176        0.066585        0.000000        0.035230       
0.000000        0.000161        0.060858        0.000000        0.032200       
0.190000        0.002102        0.061589        0.001900        0.033502       
0.840000        0.006032        0.061739        0.005900        0.035437       
1.420000        0.011824        0.190475        0.011400        0.106125       
1.040000        0.013842        0.331371        0.013000        0.181450       
1.020000        0.013879        0.722356        0.012000        0.387850       
9.850000        0.628532        4.938491        0.617100        2.903550       
11.070000       1.993948        6.498156        1.982000        4.371500       
1.770000        0.662215        1.874270        0.659000        1.302000       
0.160000        0.044183        0.116953        0.044000        0.082595       
0.080000        0.002232        0.096027        0.002000        0.051741       
0.000000        0.000224        0.084814        0.000000        0.044875       
0.000000        0.000206        0.077934        0.000000        0.041235       
0.190000        0.004394        0.078609        0.004200        0.043568       
0.560000        0.007738        0.076157        0.007600        0.043853       
2.200000        0.229090        4.410019        0.218000        2.436000       
1.510000        3.195642        8.338865        3.182000        5.910500       
1.730000        4.032393        11.343364       4.013000        7.891500       
6.920000        0.229675        0.484244        0.229000        0.364050       
28.280001       0.919109        3.749812        0.911600        2.413300       
18.370001       0.129909        1.038008        0.127500        0.609250       
4.150000        0.014034        0.143826        0.013700        0.082545       
0.110000        0.001921        0.084038        0.001700        0.045267       
0.010000        0.000246        0.074648        0.000000        0.039519       
0.160000        0.000191        0.068315        0.000000        0.036150       
0.920000        0.000193        0.063808        0.000000        0.033772       
1.850000        0.003319        0.062903        0.003200        0.034770       
2.040000        0.015400        0.573436        0.013900        0.309960       
1.800000        0.013578        1.390641        0.009900        0.740462       
2.170000        0.039502        2.362444        0.033300        1.265670       
10.310000       0.244227        4.099995        0.234000        2.279500       
32.169998       0.031288        1.270675        0.028000        0.685500       
17.639999       0.143000        1.651000        0.139000        0.939000       
2.860000        0.023796        0.602906        0.022300        0.329480       
0.150000        0.005182        0.078360        0.005000        0.043809       
0.100000        0.000368        0.067030        0.000200        0.035556       
0.110000        0.000160        0.060489        0.000000        0.032005       
0.690000        0.001144        0.077211        0.000900        0.041296       
3.670000        0.201002        5.819149        0.186100        3.166550       
4.090000        0.587978        1.823878        0.584700        1.240350       
12.840000       2.716860        4.926079        2.711000        3.883000       
5.680000        2.178182        3.377985        2.175000        2.811500       
30.340000       1.812200        4.526601        1.805000        3.245000       
21.820000       1.193970        1.559660        1.581000        1.387000       
4.240000        0.820989        0.892148        0.896300        0.858550       
0.670000        0.290679        0.396051        0.290400        0.346300       
0.160000        0.011558        0.342488        0.010700        0.186240       
0.080000        0.000822        0.310527        0.000000        0.164300       
0.270000        0.000758        0.285579        0.000000        0.151101       
0.970000        0.003564        0.267120        0.002900        0.142682       
6.450000        0.302981        6.177207        0.287400        3.403700       
1.110000        0.272916        0.279042        0.272900        0.276150       
0.890000        0.158073        0.713394        0.156600        0.451200       
2.050000        0.027934        0.383831        0.027000        0.215795       
6.180000        0.010972        0.196286        0.010500        0.108790       
10.860000       0.035287        1.885056        0.030400        1.011690       
5.540000        0.019222        0.185969        0.018800        0.107240       
7.060000        0.005208        0.155811        0.004800        0.084705       
0.200000        0.000446        0.136652        0.000100        0.072343       
0.000000        0.000321        0.121338        0.000000        0.064200       
0.090000        0.000453        0.113314        0.000200        0.060027       
1.070000        0.001436        0.107982        0.001200        0.057677       
1.650000        0.001550        0.099296        0.001300        0.053145       
1.980000        0.002184        0.091526        0.001900        0.049344       
1.930000        0.008187        0.089987        0.008000        0.051365       
2.980000        0.004712        0.079600        0.004500        0.044242       
4.750000        0.028524        0.900798        0.026200        0.488955       
17.879999       0.038259        1.549794        0.034200        0.836125       
9.790000        0.025033        0.689523        0.023300        0.375785       
0.850000        0.006958        0.084004        0.006800        0.047627       
1.090000        0.000270        0.068593        0.000100        0.036334       
0.050000        0.000157        0.059355        0.000000        0.031405       
0.000000        0.000209        0.056004        0.000100        0.029661       
1.040000        0.003411        0.058439        0.003300        0.032458       
1.980000        0.009505        0.060050        0.009400        0.036185       
1.950000        0.009281        0.055540        0.009200        0.033699       
1.840000        0.006975        0.049272        0.006900        0.029301       
2.770000        0.647960        5.571674        0.634900        3.246950       
3.580000        0.016403        0.598246        0.014900        0.323530       
10.160000       0.005843        0.054793        0.005700        0.031682       
2.840000        0.013808        1.782771        0.009100        0.947558       
0.320000        0.012579        0.087630        0.012400        0.052195       
2.050000        0.020207        1.904066        0.015200        1.014605       
0.000000        0.002852        0.061838        0.002700        0.033988       
0.000000        0.000595        0.054816        0.000500        0.029215       
0.230000        0.000301        0.050179        0.000200        0.026630       
0.700000        0.025579        0.398347        0.024600        0.222345       
0.880000        0.018989        0.067490        0.018900        0.044590       
2.070000        0.010936        0.100003        0.010700        0.057950       
1.800000        0.853682        10.799602       0.827300        6.103650       
11.490000       1.734028        6.268395        1.722000        4.127500       
8.530000        0.298193        1.992149        0.293700        1.192350       
2.710000        0.025304        0.569541        0.023900        0.312580       
0.540000        0.008833        0.091250        0.008600        0.052337       
0.000000        0.001691        0.078196        0.001500        0.042074       
0.000000        0.000961        0.070852        0.000800        0.037853       
0.000000        0.000176        0.063930        0.000000        0.033829       
0.250000        0.001214        0.060963        0.001100        0.032753       
0.770000        0.005111        0.061915        0.005000        0.035095       
1.050000        0.005145        0.056645        0.005000        0.032329       
1.190000        0.018781        0.516836        0.017500        0.281680       
1.440000        0.013493        0.067498        0.013300        0.042000       
1.330000        0.006343        0.056106        0.006200        0.032610       
1.380000        0.005841        0.051496        0.005700        0.029940       
0.230000        0.001203        0.042188        0.001100        0.022837       
0.210000        0.000085        0.032310        0.000000        0.017095       
0.090000        0.000073        0.027707        0.000000        0.014660       
0.080000        0.000065        0.024504        0.000000        0.012965       
0.000000        0.000064        0.024211        0.000000        0.012810       
0.020000        0.000145        0.024187        0.000100        0.012836       
0.720000        0.011661        0.136325        0.011300        0.077465       
1.220000        0.008759        0.034810        0.008700        0.022510       
1.330000        0.010772        0.041762        0.010700        0.027130       
0.980000        0.007259        0.775660        0.005200        0.412861       
3.270000        1.000353        7.994833        0.981800        4.692400       
2.240000        0.034201        0.106199        0.034000        0.072205       
0.330000        0.018090        0.131199        0.017800        0.077795       
0.130000        0.004861        0.031165        0.004800        0.018745       
0.000000        0.000063        0.020847        0.000000        0.011034       
0.000000        0.000045        0.017029        0.000000        0.009010       
0.000000        0.000044        0.016726        0.000000        0.008850       
0.290000        0.001640        0.021643        0.001600        0.012199       
0.430000        0.013544        0.282788        0.012800        0.155665       
0.650000        0.022683        0.920885        0.020300        0.496800       
1.230000        0.025129        0.043441        0.025100        0.034795       
1.030000        0.011576        0.028814        0.011500        0.020675       
2.350000        0.008131        0.199909        0.007600        0.109361       
0.730000        0.006984        0.025679        0.006900        0.016852       
0.480000        0.005506        0.022754        0.005500        0.014610       
0.110000        0.000030        0.011274        0.000000        0.005965       
0.000000        0.000019        0.007060        0.000000        0.003735       
0.000000        0.000011        0.004182        0.000000        0.002212       
0.000000        0.000016        0.005971        0.000000        0.003159       

p-factor= 0.13
r-factor= 0.16
R2= 0.11
Nash_Sutclif= -0.19


 FLOW_OUT_3
observed          L95PPU         U95PPU         Best_Sim       M95PPU
46.270000       5.374760        42.607277       5.276000        25.028000      
59.360001       78.656723       247.072083      78.209999       167.554993     
143.550003      122.634003      361.651917      122.000000      248.800003     
233.869995      46.767448       215.456085      46.320000       135.809998     
91.639999       7.804650        32.177704       7.740000        20.669998      
6.960000        0.002210        0.835569        0.000000        0.442100       
0.970000        0.000000        0.000000        0.000000        0.000000       
0.480000        0.000000        0.000000        0.000000        0.000000       
0.850000        0.000000        0.000000        0.000000        0.000000       
10.820000       0.000000        0.000000        0.000000        0.000000       
28.090000       0.079350        29.994299       0.000000        15.870000      
40.009998       7.996770        24.875061       7.952000        16.906000      
48.169998       1.607080        12.570241       1.578000        7.394000       
56.700001       104.365753      279.953552      103.900002      197.050003     
213.419998      75.260628       343.166229      74.550003       216.674988     
329.299988      66.637802       239.228363      66.180000       157.740005     
72.669998       25.630449       82.350098       25.480000       55.570000      
10.330000       3.001005        22.983887       2.948000        13.549000      
2.970000        0.000000        0.000000        0.000000        0.000000       
0.720000        0.000000        0.000000        0.000000        0.000000       
3.100000        0.000000        0.000000        0.000000        0.000000       
22.889999       0.011590        4.381020        0.000000        2.318000       
36.410000       26.770926       117.599655      26.530001       74.715004      
72.680000       7.713933        93.267494       7.487000        52.873501      
66.180000       68.923203       145.529602      68.720001       109.360001     
97.110001       203.023758      475.877594      202.300003      347.049988     
150.589996      182.728760      419.767456      182.100006      307.850006     
458.170013      93.813751       249.797531      93.400002       176.149994     
423.709991      64.691444       129.328110      64.519997       98.809998      
241.699997      7.653048        23.504955       24.430000       16.020500      
43.450001       0.015827        5.982795        6.331000        3.165500       
15.970000       0.006087        2.301075        2.435000        1.217500       
23.639999       0.006935        2.621430        2.774000        1.387000       
40.430000       0.014023        5.300505        5.609000        2.804500       
57.029999       23.103775       88.616959       22.930000       57.685001      
72.389999       32.063374       52.185768       32.009998       42.684998      
61.619999       40.512348       135.648315      40.259998       90.729996      
77.900002       88.101318       213.010895      87.769997       154.035004     
173.649994      55.086151       223.284729      54.639999       143.869995     
415.100006      35.192398       130.347198      34.939999       85.419998      
277.350006      38.777699       135.930603      38.520000       90.060005      
73.370003       9.763847        10.837356       9.761000        10.330500      
10.470000       0.000516        0.195142        0.206500        0.103250       
13.220000       0.000000        0.000000        0.000000        0.000000       
10.850000       0.000000        0.000000        0.000000        0.000000       
23.260000       0.175030        1.317340        1.384000        0.778000       
129.690002      11.551650       204.443710      11.040000       113.369995     
138.770004      44.808575       134.751343      44.570000       92.285004      
201.979996      136.638504      301.953064      136.199997      223.899994     
155.270004      136.616241      218.142441      136.399994      179.649994     
448.420013      106.380249      249.734558      106.000000      182.050003     
459.179993      140.008759      294.107544      139.600006      221.350006     
226.210007      114.839996      205.320053      114.599998      162.600006     
59.330002       20.758200       38.929600       39.990002       30.350000      
16.129999       0.044132        16.169025       17.110001       8.555680       
4.810000        0.018327        6.927795        7.331000        3.665500       
16.580000       0.049245        10.339506       10.940000       5.480975       
62.240002       2.825737        14.413774       15.090000       8.942500       
256.359985      132.806000      549.767944      131.699997      352.899994     
122.720001      80.071999       107.215981      80.000000       94.400002      
115.000000      81.614777       128.654922      81.489998       106.444992     
146.210007      60.930901       132.900208      60.740002       98.920006      
225.839996      18.574049       20.100904       20.190001       19.380001      
340.769989      80.775551       267.597961      80.279999       179.389999     
326.320007      128.655258      262.584412      128.300003      199.350006     
197.050003      90.043480       140.363541      89.910004       116.605003     
31.150000       0.102525        38.754444       41.009998       20.504999      
11.440000       0.062575        23.653351       25.030001       12.515000      
19.100000       0.106337        23.117189       24.459999       12.252649      
44.599998       2.076660        24.945477       26.280001       14.148001      
50.490002       9.489923        24.163706       25.020000       17.235500      
55.730000       5.467890        22.014420       22.980000       14.202000      
69.220001       18.627325       21.388844       18.620001       20.084999      
111.110001      32.364803       139.734390      32.080002       89.040001      
155.419998      37.838799       97.706390       37.680000       69.440002      
631.669983      179.377258      472.400482      178.600006      334.049988     
255.000000      36.003601       52.440796       35.959999       44.680000      
26.420000       4.373100        13.081799       13.590000       8.970000       
17.910000       0.511959        3.361702        3.528000        2.016200       
6.510000        0.000163        0.061538        0.065100        0.032560       
17.540001       0.000487        0.184086        0.194800        0.097400       
36.080002       0.929551        3.550077        3.703000        2.312800       
52.349998       4.806710        6.582378        6.686000        5.744000       
59.099998       3.456102        6.133745        6.290000        4.869500       
55.590000       4.533708        10.832435       4.517000        7.858500       
60.889999       25.963276       128.987946      25.690001       80.345001      
88.389999       1.760735        41.245831       1.656000        22.602999      
219.330002      8.680152        137.294647      8.339000        76.569504      
134.919998      0.114775        43.384949       0.000000        22.955000      
31.590000       0.000042        0.015715        0.000000        0.008315       
14.520000       0.070475        26.639551       0.000000        14.095000      
0.420000        0.000000        0.000000        0.000000        0.000000       
2.000000        0.000000        0.000000        0.000000        0.000000       
14.250000       0.002660        1.005480        0.000000        0.532000       
58.400002       0.168650        63.749699       0.000000        33.730000      
53.360001       0.075661        24.230440       0.011600        12.825794      
52.180000       2.593222        29.821108       2.521000        16.965500      
83.910004       201.122253      548.810425      200.199997      384.649994     
305.769989      276.386749      686.091370      275.299988      492.649994     
497.130005      33.512127       75.783257       33.400002       55.825001      
184.199997      16.941450       47.648098       16.860001       33.150002      
30.969999       0.971916        1.468048        0.970600        1.233800       
4.650000        0.000000        0.000000        0.000000        0.000000       
5.040000        0.000000        0.000000        0.000000        0.000000       
5.600000        0.000000        0.000000        0.000000        0.000000       
20.709999       0.000000        0.000000        0.000000        0.000000       
38.689999       0.399984        0.997152        0.398400        0.715200       
40.400002       1.152557        2.493735        1.149000        1.860500       
48.580002       5.336653        83.621643       5.129000        46.659500      
56.580002       3.145045        23.143005       3.092000        13.701000      
57.889999       3.502835        28.699631       3.436000        16.802999      
60.840000       2.931803        41.688347       2.829000        23.389500      
13.460000       0.000000        0.000000        0.000000        0.000000       
1.590000        0.000000        0.000000        0.000000        0.000000       
2.690000        0.000000        0.000000        0.000000        0.000000       
4.980000        0.000000        0.000000        0.000000        0.000000       
2.630000        0.000000        0.000000        0.000000        0.000000       
6.330000        0.000000        0.000000        0.000000        0.000000       
19.650000       0.139525        52.740459       0.000000        27.905001      
26.809999       9.161018        49.883621       9.053000        30.656500      
29.209999       6.765125        50.167248       6.650000        29.675001      
32.029999       80.099998       230.899994      79.699997       159.699997     
111.699997      67.285156       385.906708      66.440002       235.470001     
127.099998      14.706800       81.360390       14.530000       49.889999      
23.690001       0.098585        1.800674        0.094100        0.997035       
2.260000        0.000000        0.000000        0.000000        0.000000       
0.550000        0.000000        0.000000        0.000000        0.000000       
0.270000        0.000000        0.000000        0.000000        0.000000       
0.220000        0.000000        0.000000        0.000000        0.000000       
0.770000        0.000000        0.000000        0.000000        0.000000       
10.320000       0.023970        9.060659        0.000000        4.794000       
25.840000       2.699890        50.160412       2.574000        27.752001      
30.219999       5.306135        20.437029       5.266000        13.292999      
39.669998       37.153950       200.753113      36.720001       123.510002     
70.370003       0.065243        13.808034       0.028800        7.319395       
47.970001       0.038275        14.467951       0.000000        7.655000       
13.910000       0.005115        1.933470        0.000000        1.023000       
0.350000        0.000000        0.000000        0.000000        0.000000       
0.250000        0.000000        0.000000        0.000000        0.000000       
0.200000        0.000000        0.000000        0.000000        0.000000       
0.190000        0.000000        0.000000        0.000000        0.000000       

p-factor= 0.27
r-factor= 0.48
R2= 0.37
Nash_Sutclif= 0.09


 FLOW_OUT_7
observed          L95PPU         U95PPU         Best_Sim       M95PPU
2.080000        0.079775        30.154949       0.000000        15.955000      
12.510000       8.157030        22.871336       8.118000        15.924000      
22.180000       1.656018        10.333615       1.633000        6.236500       
44.610001       104.549248      273.916504      104.099998      193.949997     
35.090000       73.189552       302.989929      72.580002       194.489990     
53.520000       59.717300       186.879395      59.380001       126.840004     
85.519997       24.796200       68.603600       24.680000       47.920002      
373.470001      3.557415        23.694872       3.504000        14.187000      
306.000000      0.000000        0.000000        0.000000        0.000000       
113.190002      0.000000        0.000000        0.000000        0.000000       
23.120001       0.000000        0.000000        0.000000        0.000000       
5.820000        0.011965        4.522770        0.000000        2.393000       
20.209999       27.049974       117.520546      26.809999       74.805000      
28.910000       6.925740        56.591721       6.794000        33.142002      
37.340000       48.793102       83.891792       48.700001       67.320000      
50.110001       178.850006      386.199982      178.300003      288.299988     
54.509998       182.317749      415.209412      181.699997      305.250000     
60.209999       90.857727       221.950027      90.510002       160.055008     
125.029999      65.262222       122.651024      65.110001       95.555000      
192.000000      8.325945        24.893215       25.860001       17.070999      
157.570007      0.019720        7.454161        7.888000        3.944000       
52.119999       0.009500        3.591000        3.800000        1.900000       
7.700000        0.009595        3.626910        3.838000        1.919000       
10.060000       0.015802        5.973346        6.321000        3.160500       
8.250000        23.472950       88.675095       23.299999       57.889999      
14.400000       32.237251       46.280479       32.200001       39.650002      
66.620003       40.455925       125.629669      40.230000       85.415001      
88.949997       88.262329       198.468796      87.970001       146.434998     
138.669998      54.876701       189.352615      54.520000       125.860001     
122.690002      35.887852       121.787292      35.660000       81.230003      
285.640015      39.594322       124.164848      39.369999       84.235001      
254.139999      7.282592        10.898968       11.110000       9.191500       
151.619995      0.002207        0.834340        0.882900        0.441450       
48.040001       0.000000        0.000000        0.000000        0.000000       
14.620000       0.000000        0.000000        0.000000        0.000000       
5.410000        0.072175        1.951341        2.061000        1.064095       
12.660000       10.984751       156.035492      10.600000       87.550003      
37.650002       42.303749       119.117508      42.099998       82.849998      
109.150002      122.474495      263.660980      122.099998      197.000000     
67.889999       124.980499      193.029007      124.800003      160.899994     
77.660004       99.219696       212.206650      98.919998       158.860001     
112.949997      135.202499      286.945068      134.800003      215.299988     
146.029999      113.332497      200.985031      113.099998      159.600006     
244.229996      20.990376       39.981747       41.090000       31.014999      
272.320007      0.047911        17.662117       18.690001       9.345594       
184.839996      0.021875        8.268750        8.750000        4.375000       
25.330000       0.053092        11.322373       11.980000       6.001600       
14.940000       2.396367        14.975913       15.710000       9.036500       
13.710000       131.972504      498.604950      131.000000      325.500000     
34.990002       79.100426       105.650658      79.029999       93.114998      
42.610001       81.372604       123.822784      81.260002       103.779999     
46.639999       61.205200       131.025574      61.020000       98.060005      
51.619999       18.296251       20.652500       20.790001       19.540001      
75.379997       81.421852       255.539307      80.959999       173.330002     
105.970001      129.854004      263.312012      129.500000      200.300003     
353.000000      91.482872       141.576767      91.349998       117.925003     
175.979996      0.119603        40.342754       42.689999       21.351454      
27.830000       0.066500        25.137001       26.600000       13.300000      
24.930000       0.357564        24.170391       25.559999       12.927199      
3.530000        2.590003        25.587944       26.930000       14.729500      
8.890000        9.596633        24.538088       25.410000       17.483500      
30.360001       5.211085        22.208130       23.200001       14.183001      
37.720001       18.815800       21.002401       18.809999       19.969999      
40.000000       32.624649       139.937698      32.340000       89.269997      
43.650002       38.247051       89.914902       38.110001       65.520004      
42.340000       179.944504      460.620972      179.199997      328.100006     
52.340000       37.261375       49.089756       37.230000       43.504997      
139.320007      4.771835        14.511627       15.080000       9.913000       
74.980003       0.600280        4.815046        5.061000        2.825050       
18.090000       0.000844        0.319032        0.337600        0.168800       
8.580000        0.001293        0.488660        0.517100        0.258550       
0.320000        1.358732        4.273885        4.444000        2.897500       
2.390000        4.900220        6.868159        6.983000        5.939000       
8.920000        3.463670        6.355259        6.524000        4.990000       
34.740002       4.727172        10.824206       4.711000        7.945500       
33.070000       17.200424       66.370644       17.070000       43.154999      
34.290001       2.045375        38.001747       1.950000        21.025000      
55.840000       8.941503        138.064957      8.599000        77.099503      
198.839996      0.160378        32.427063       0.074800        17.192396      
308.329987      0.000325        0.122755        0.000000        0.064950       
125.529999      0.023250        8.788499        0.000000        4.650000       
38.580002       0.000000        0.000000        0.000000        0.000000       
5.960000        0.000000        0.000000        0.000000        0.000000       
4.310000        0.003198        1.208655        0.000000        0.639500       
5.180000        0.159850        60.423306       0.000000        31.969999      
15.410000       0.115739        23.986984       0.052400        12.716209      
23.180000       2.750348        28.894352       2.681000        16.550501      
25.400000       197.516754      467.731598      196.800003      340.149994     
30.809999       267.183014      637.774048      266.200012      462.800018     
32.810001       33.544601       61.668812       33.470001       48.389999      
35.470001       18.100351       44.622292       18.030001       32.099998      
33.680000       1.275095        1.687910        1.274000        1.493000       
10.440000       0.000000        0.000000        0.000000        0.000000       
0.750000        0.000000        0.000000        0.000000        0.000000       
3.830000        0.000000        0.000000        0.000000        0.000000       
2.030000        0.000000        0.000000        0.000000        0.000000       
1.580000        0.646185        1.055135        0.645100        0.862050       
4.550000        1.422410        2.330980        1.420000        1.902000       
9.700000        5.494723        78.528114       5.301000        44.045502      
14.480000       3.297937        23.255377       3.245000        13.832500      
16.940001       3.700990        28.956219       3.634000        17.032000      
23.990000       3.161280        42.097836       3.058000        23.713999      
69.919998       0.000000        0.000000        0.000000        0.000000       
63.209999       0.000000        0.000000        0.000000        0.000000       
15.770000       0.000000        0.000000        0.000000        0.000000       
3.850000        0.000000        0.000000        0.000000        0.000000       
1.260000        0.000000        0.000000        0.000000        0.000000       
0.340000        0.000000        0.000000        0.000000        0.000000       
0.400000        0.136300        51.521400       0.000000        27.260000      
0.620000        9.286577        49.843296       9.179000        30.694500      
7.900000        6.937317        50.035019       6.823000        29.686501      
0.980000        80.422653       224.681686      80.040001       156.570007     
3.270000        62.931374       319.809753      62.250000       198.524994     
2.240000        15.565375       81.681747       15.390000       50.465000      
0.330000        0.191225        1.369255        0.188100        0.813050       
0.130000        0.000000        0.000000        0.000000        0.000000       
0.000000        0.000000        0.000000        0.000000        0.000000       
0.000000        0.000000        0.000000        0.000000        0.000000       
0.000000        0.000000        0.000000        0.000000        0.000000       
0.290000        0.000025        0.009630        0.000000        0.005095       
0.430000        0.016708        6.315436        0.000000        3.341500       

p-factor= 0.31
r-factor= 0.65
R2= 0.01
Nash_Sutclif= -0.37


 NO3_OUT_7
observed          L95PPU         U95PPU         Best_Sim       M95PPU
17000.000000    6670.705078     22770.488281    6628.000000     15169.000000   
510000.000000   59475.925781    302989.656250   58830.000000    188015.000000  
56000.000000    390.589508      40499.433594    284.200012      21562.099609   
61000.000000    74.500000       28161.000000    0.000000        14900.000000   
1100.000000     6.860000        2593.079834     0.000000        1372.000000    
14.000000       0.000000        0.000000        0.000000        0.000000       
0.230000        0.000000        0.000000        0.000000        0.000000       
5.800000        0.000000        0.000000        0.000000        0.000000       
6.400000        0.000000        0.000000        0.000000        0.000000       
3.200000        0.000000        0.000000        0.000000        0.000000       
5800.000000     14.964999       5656.770508     0.000000        2993.000000    
7400.000000     32.224998       12181.049805    0.000000        6445.000000    

p-factor= 0.33
r-factor= 0.21
R2= 0.97
Nash_Sutclif= 0.09


