
FLOW_OUT_1
observed    simulated
1.3800        0.0318      
1.8900        2.2470      
5.2000        0.0494      
6.7300        1.4150      
2.7100        0.0207      
0.1400        0.0032      
0.0300        0.0001      
0.0000        0.0000      
0.0000        0.0000      
0.1900        0.0019      
0.8400        0.0059      
1.4200        0.0114      
1.0400        0.0130      
1.0200        0.0120      
9.8500        0.6171      
11.0700       1.9820      
1.7700        0.6590      
0.1600        0.0440      
0.0800        0.0020      
0.0000        0.0000      
0.0000        0.0000      
0.1900        0.0042      
0.5600        0.0076      
2.2000        0.2180      
1.5100        3.1820      
1.7300        4.0130      
6.9200        0.2290      
28.2800       0.9116      
18.3700       0.1275      
4.1500        0.0137      
0.1100        0.0017      
0.0100        0.0000      
0.1600        0.0000      
0.9200        0.0000      
1.8500        0.0032      
2.0400        0.0139      
1.8000        0.0099      
2.1700        0.0333      
10.3100       0.2340      
32.1700       0.0280      
17.6400       0.1390      
2.8600        0.0223      
0.1500        0.0050      
0.1000        0.0002      
0.1100        0.0000      
0.6900        0.0009      
3.6700        0.1861      
4.0900        0.5847      
12.8400       2.7110      
5.6800        2.1750      
30.3400       1.8050      
21.8200       1.5810      
4.2400        0.8963      
0.6700        0.2904      
0.1600        0.0107      
0.0800        0.0000      
0.2700        0.0000      
0.9700        0.0029      
6.4500        0.2874      
1.1100        0.2729      
0.8900        0.1566      
2.0500        0.0270      
6.1800        0.0105      
10.8600       0.0304      
5.5400        0.0188      
7.0600        0.0048      
0.2000        0.0001      
0.0000        0.0000      
0.0900        0.0002      
1.0700        0.0012      
1.6500        0.0013      
1.9800        0.0019      
1.9300        0.0080      
2.9800        0.0045      
4.7500        0.0262      
17.8800       0.0342      
9.7900        0.0233      
0.8500        0.0068      
1.0900        0.0001      
0.0500        0.0000      
0.0000        0.0001      
1.0400        0.0033      
1.9800        0.0094      
1.9500        0.0092      
1.8400        0.0069      
2.7700        0.6349      
3.5800        0.0149      
10.1600       0.0057      
2.8400        0.0091      
0.3200        0.0124      
2.0500        0.0152      
0.0000        0.0027      
0.0000        0.0005      
0.2300        0.0002      
0.7000        0.0246      
0.8800        0.0189      
2.0700        0.0107      
1.8000        0.8273      
11.4900       1.7220      
8.5300        0.2937      
2.7100        0.0239      
0.5400        0.0086      
0.0000        0.0015      
0.0000        0.0008      
0.0000        0.0000      
0.2500        0.0011      
0.7700        0.0050      
1.0500        0.0050      
1.1900        0.0175      
1.4400        0.0133      
1.3300        0.0062      
1.3800        0.0057      
0.2300        0.0011      
0.2100        0.0000      
0.0900        0.0000      
0.0800        0.0000      
0.0000        0.0000      
0.0200        0.0001      
0.7200        0.0113      
1.2200        0.0087      
1.3300        0.0107      
0.9800        0.0052      
3.2700        0.9818      
2.2400        0.0340      
0.3300        0.0178      
0.1300        0.0048      
0.0000        0.0000      
0.0000        0.0000      
0.0000        0.0000      
0.2900        0.0016      
0.4300        0.0128      
0.6500        0.0203      
1.2300        0.0251      
1.0300        0.0115      
2.3500        0.0076      
0.7300        0.0069      
0.4800        0.0055      
0.1100        0.0000      
0.0000        0.0000      
0.0000        0.0000      
0.0000        0.0000      


FLOW_OUT_3
observed    simulated
46.2700       5.2760      
59.3600       78.2100     
143.5500      122.0000    
233.8700      46.3200     
91.6400       7.7400      
6.9600        0.0000      
0.9700        0.0000      
0.4800        0.0000      
0.8500        0.0000      
10.8200       0.0000      
28.0900       0.0000      
40.0100       7.9520      
48.1700       1.5780      
56.7000       103.9000    
213.4200      74.5500     
329.3000      66.1800     
72.6700       25.4800     
10.3300       2.9480      
2.9700        0.0000      
0.7200        0.0000      
3.1000        0.0000      
22.8900       0.0000      
36.4100       26.5300     
72.6800       7.4870      
66.1800       68.7200     
97.1100       202.3000    
150.5900      182.1000    
458.1700      93.4000     
423.7100      64.5200     
241.7000      24.4300     
43.4500       6.3310      
15.9700       2.4350      
23.6400       2.7740      
40.4300       5.6090      
57.0300       22.9300     
72.3900       32.0100     
61.6200       40.2600     
77.9000       87.7700     
173.6500      54.6400     
415.1000      34.9400     
277.3500      38.5200     
73.3700       9.7610      
10.4700       0.2065      
13.2200       0.0000      
10.8500       0.0000      
23.2600       1.3840      
129.6900      11.0400     
138.7700      44.5700     
201.9800      136.2000    
155.2700      136.4000    
448.4200      106.0000    
459.1800      139.6000    
226.2100      114.6000    
59.3300       39.9900     
16.1300       17.1100     
4.8100        7.3310      
16.5800       10.9400     
62.2400       15.0900     
256.3600      131.7000    
122.7200      80.0000     
115.0000      81.4900     
146.2100      60.7400     
225.8400      20.1900     
340.7700      80.2800     
326.3200      128.3000    
197.0500      89.9100     
31.1500       41.0100     
11.4400       25.0300     
19.1000       24.4600     
44.6000       26.2800     
50.4900       25.0200     
55.7300       22.9800     
69.2200       18.6200     
111.1100      32.0800     
155.4200      37.6800     
631.6700      178.6000    
255.0000      35.9600     
26.4200       13.5900     
17.9100       3.5280      
6.5100        0.0651      
17.5400       0.1948      
36.0800       3.7030      
52.3500       6.6860      
59.1000       6.2900      
55.5900       4.5170      
60.8900       25.6900     
88.3900       1.6560      
219.3300      8.3390      
134.9200      0.0000      
31.5900       0.0000      
14.5200       0.0000      
0.4200        0.0000      
2.0000        0.0000      
14.2500       0.0000      
58.4000       0.0000      
53.3600       0.0116      
52.1800       2.5210      
83.9100       200.2000    
305.7700      275.3000    
497.1300      33.4000     
184.2000      16.8600     
30.9700       0.9706      
4.6500        0.0000      
5.0400        0.0000      
5.6000        0.0000      
20.7100       0.0000      
38.6900       0.3984      
40.4000       1.1490      
48.5800       5.1290      
56.5800       3.0920      
57.8900       3.4360      
60.8400       2.8290      
13.4600       0.0000      
1.5900        0.0000      
2.6900        0.0000      
4.9800        0.0000      
2.6300        0.0000      
6.3300        0.0000      
19.6500       0.0000      
26.8100       9.0530      
29.2100       6.6500      
32.0300       79.7000     
111.7000      66.4400     
127.1000      14.5300     
23.6900       0.0941      
2.2600        0.0000      
0.5500        0.0000      
0.2700        0.0000      
0.2200        0.0000      
0.7700        0.0000      
10.3200       0.0000      
25.8400       2.5740      
30.2200       5.2660      
39.6700       36.7200     
70.3700       0.0288      
47.9700       0.0000      
13.9100       0.0000      
0.3500        0.0000      
0.2500        0.0000      
0.2000        0.0000      
0.1900        0.0000      


FLOW_OUT_7
observed    simulated
2.0800        0.0000      
12.5100       8.1180      
22.1800       1.6330      
44.6100       104.1000    
35.0900       72.5800     
53.5200       59.3800     
85.5200       24.6800     
373.4700      3.5040      
306.0000      0.0000      
113.1900      0.0000      
23.1200       0.0000      
5.8200        0.0000      
20.2100       26.8100     
28.9100       6.7940      
37.3400       48.7000     
50.1100       178.3000    
54.5100       181.7000    
60.2100       90.5100     
125.0300      65.1100     
192.0000      25.8600     
157.5700      7.8880      
52.1200       3.8000      
7.7000        3.8380      
10.0600       6.3210      
8.2500        23.3000     
14.4000       32.2000     
66.6200       40.2300     
88.9500       87.9700     
138.6700      54.5200     
122.6900      35.6600     
285.6400      39.3700     
254.1400      11.1100     
151.6200      0.8829      
48.0400       0.0000      
14.6200       0.0000      
5.4100        2.0610      
12.6600       10.6000     
37.6500       42.1000     
109.1500      122.1000    
67.8900       124.8000    
77.6600       98.9200     
112.9500      134.8000    
146.0300      113.1000    
244.2300      41.0900     
272.3200      18.6900     
184.8400      8.7500      
25.3300       11.9800     
14.9400       15.7100     
13.7100       131.0000    
34.9900       79.0300     
42.6100       81.2600     
46.6400       61.0200     
51.6200       20.7900     
75.3800       80.9600     
105.9700      129.5000    
353.0000      91.3500     
175.9800      42.6900     
27.8300       26.6000     
24.9300       25.5600     
3.5300        26.9300     
8.8900        25.4100     
30.3600       23.2000     
37.7200       18.8100     
40.0000       32.3400     
43.6500       38.1100     
42.3400       179.2000    
52.3400       37.2300     
139.3200      15.0800     
74.9800       5.0610      
18.0900       0.3376      
8.5800        0.5171      
0.3200        4.4440      
2.3900        6.9830      
8.9200        6.5240      
34.7400       4.7110      
33.0700       17.0700     
34.2900       1.9500      
55.8400       8.5990      
198.8400      0.0748      
308.3300      0.0000      
125.5300      0.0000      
38.5800       0.0000      
5.9600        0.0000      
4.3100        0.0000      
5.1800        0.0000      
15.4100       0.0524      
23.1800       2.6810      
25.4000       196.8000    
30.8100       266.2000    
32.8100       33.4700     
35.4700       18.0300     
33.6800       1.2740      
10.4400       0.0000      
0.7500        0.0000      
3.8300        0.0000      
2.0300        0.0000      
1.5800        0.6451      
4.5500        1.4200      
9.7000        5.3010      
14.4800       3.2450      
16.9400       3.6340      
23.9900       3.0580      
69.9200       0.0000      
63.2100       0.0000      
15.7700       0.0000      
3.8500        0.0000      
1.2600        0.0000      
0.3400        0.0000      
0.4000        0.0000      
0.6200        9.1790      
7.9000        6.8230      
0.9800        80.0400     
3.2700        62.2500     
2.2400        15.3900     
0.3300        0.1881      
0.1300        0.0000      
0.0000        0.0000      
0.0000        0.0000      
0.0000        0.0000      
0.2900        0.0000      
0.4300        0.0000      


NO3_OUT_7
observed    simulated
17000.0000    6628.0000   
510000.0000   58830.0000  
56000.0000    284.2000    
61000.0000    0.0000      
1100.0000     0.0000      
14.0000       0.0000      
0.2300        0.0000      
5.8000        0.0000      
6.4000        0.0000      
3.2000        0.0000      
5800.0000     0.0000      
7400.0000     0.0000      

