   1 
1  4.478000e+001
2  2.569000e+002
3  3.756000e+002
4  2.253000e+002
5  3.360000e+001
6  8.842000e-001
7  0.000000e+000
8  0.000000e+000
9  0.000000e+000
10  0.000000e+000
11  3.174000e+001
12  2.586000e+001
13  1.321000e+001
14  2.902000e+002
15  3.588000e+002
16  2.493000e+002
17  8.566000e+001
18  2.415000e+001
19  0.000000e+000
20  0.000000e+000
21  0.000000e+000
22  4.636000e+000
23  1.229000e+002
24  9.826000e+001
25  1.500000e+002
26  4.918000e+002
27  4.336000e+002
28  2.589000e+002
29  1.331000e+002
30  7.611000e+000
31  0.000000e+000
32  0.000000e+000
33  0.000000e+000
34  0.000000e+000
35  9.244000e+001
36  5.336000e+001
37  1.412000e+002
38  2.203000e+002
39  2.331000e+002
40  1.359000e+002
41  1.416000e+002
42  1.090000e+001
43  0.000000e+000
44  0.000000e+000
45  0.000000e+000
46  1.720000e-001
47  2.157000e+002
48  1.400000e+002
49  3.116000e+002
50  2.229000e+002
51  2.581000e+002
52  3.031000e+002
53  2.106000e+002
54  2.071000e+001
55  1.360000e-003
56  0.000000e+000
57  2.195000e-002
58  2.795000e+000
59  5.741000e+002
60  1.088000e+002
61  1.314000e+002
62  1.371000e+002
63  1.857000e+001
64  2.785000e+002
65  2.704000e+002
66  1.433000e+002
67  0.000000e+000
68  0.000000e+000
69  4.530000e-002
70  2.016000e+000
71  9.451000e+000
72  5.424000e+000
73  2.155000e+001
74  1.460000e+002
75  1.012000e+002
76  4.895000e+002
77  5.340000e+001
78  4.350000e+000
79  5.044000e-001
80  0.000000e+000
81  0.000000e+000
82  9.226000e-001
83  4.802000e+000
84  3.449000e+000
85  1.120000e+001
86  1.350000e+002
87  4.355000e+001
88  1.448000e+002
89  4.591000e+001
90  1.663000e-002
91  2.819000e+001
92  0.000000e+000
93  0.000000e+000
94  1.064000e+000
95  6.746000e+001
96  2.564000e+001
97  3.141000e+001
98  5.691000e+002
99  7.100000e+002
100  7.825000e+001
101  4.944000e+001
102  1.497000e+000
103  0.000000e+000
104  0.000000e+000
105  0.000000e+000
106  0.000000e+000
107  1.032000e+000
108  2.572000e+000
109  8.819000e+001
110  2.431000e+001
111  3.017000e+001
112  4.395000e+001
113  0.000000e+000
114  0.000000e+000
115  0.000000e+000
116  0.000000e+000
117  0.000000e+000
118  0.000000e+000
119  5.581000e+001
120  5.226000e+001
121  5.270000e+001
122  2.397000e+002
123  4.045000e+002
124  8.525000e+001
125  1.900000e+000
126  0.000000e+000
127  0.000000e+000
128  0.000000e+000
129  0.000000e+000
130  0.000000e+000
131  9.588000e+000
132  5.293000e+001
133  2.132000e+001
134  2.103000e+002
135  1.461000e+001
136  1.531000e+001
137  2.046000e+000
138  0.000000e+000
139  0.000000e+000
140  0.000000e+000
141  0.000000e+000
   2 
1  5.276000e+000
2  7.821000e+001
3  1.220000e+002
4  4.632000e+001
5  7.740000e+000
6  0.000000e+000
7  0.000000e+000
8  0.000000e+000
9  0.000000e+000
10  0.000000e+000
11  0.000000e+000
12  7.952000e+000
13  1.578000e+000
14  1.039000e+002
15  7.455000e+001
16  6.618000e+001
17  2.548000e+001
18  2.948000e+000
19  0.000000e+000
20  0.000000e+000
21  0.000000e+000
22  0.000000e+000
23  2.653000e+001
24  7.487000e+000
25  6.872000e+001
26  2.023000e+002
27  1.821000e+002
28  9.340000e+001
29  6.452000e+001
30  2.443000e+001
31  6.331000e+000
32  2.435000e+000
33  2.774000e+000
34  5.609000e+000
35  2.293000e+001
36  3.201000e+001
37  4.026000e+001
38  8.777000e+001
39  5.464000e+001
40  3.494000e+001
41  3.852000e+001
42  9.761000e+000
43  2.065000e-001
44  0.000000e+000
45  0.000000e+000
46  1.384000e+000
47  1.104000e+001
48  4.457000e+001
49  1.362000e+002
50  1.364000e+002
51  1.060000e+002
52  1.396000e+002
53  1.146000e+002
54  3.999000e+001
55  1.711000e+001
56  7.331000e+000
57  1.094000e+001
58  1.509000e+001
59  1.317000e+002
60  8.000000e+001
61  8.149000e+001
62  6.074000e+001
63  2.019000e+001
64  8.028000e+001
65  1.283000e+002
66  8.991000e+001
67  4.101000e+001
68  2.503000e+001
69  2.446000e+001
70  2.628000e+001
71  2.502000e+001
72  2.298000e+001
73  1.862000e+001
74  3.208000e+001
75  3.768000e+001
76  1.786000e+002
77  3.596000e+001
78  1.359000e+001
79  3.528000e+000
80  6.512000e-002
81  1.948000e-001
82  3.703000e+000
83  6.686000e+000
84  6.290000e+000
85  4.517000e+000
86  2.569000e+001
87  1.656000e+000
88  8.339000e+000
89  0.000000e+000
90  0.000000e+000
91  0.000000e+000
92  0.000000e+000
93  0.000000e+000
94  0.000000e+000
95  0.000000e+000
96  1.159000e-002
97  2.521000e+000
98  2.002000e+002
99  2.753000e+002
100  3.340000e+001
101  1.686000e+001
102  9.706000e-001
103  0.000000e+000
104  0.000000e+000
105  0.000000e+000
106  0.000000e+000
107  3.984000e-001
108  1.149000e+000
109  5.129000e+000
110  3.092000e+000
111  3.436000e+000
112  2.829000e+000
113  0.000000e+000
114  0.000000e+000
115  0.000000e+000
116  0.000000e+000
117  0.000000e+000
118  0.000000e+000
119  0.000000e+000
120  9.053000e+000
121  6.650000e+000
122  7.970000e+001
123  6.644000e+001
124  1.453000e+001
125  9.407000e-002
126  0.000000e+000
127  0.000000e+000
128  0.000000e+000
129  0.000000e+000
130  0.000000e+000
131  0.000000e+000
132  2.574000e+000
133  5.266000e+000
134  3.672000e+001
135  2.879000e-002
136  0.000000e+000
137  0.000000e+000
138  0.000000e+000
139  0.000000e+000
140  0.000000e+000
141  0.000000e+000
