   1 
1  8.498000e-001
2  1.013000e+001
3  1.104000e+000
4  5.898000e+000
5  1.470000e-001
6  9.217000e-002
7  7.940000e-002
8  7.046000e-002
9  6.440000e-002
10  6.506000e-002
11  6.499000e-002
12  2.009000e-001
13  3.499000e-001
14  7.637000e-001
15  5.190000e+000
16  6.761000e+000
17  1.945000e+000
18  1.212000e-001
19  1.015000e-001
20  8.975000e-002
21  8.247000e-002
22  8.294000e-002
23  8.015000e-002
24  4.654000e+000
25  8.639000e+000
26  1.177000e+001
27  4.991000e-001
28  3.915000e+000
29  1.091000e+000
30  1.514000e-001
31  8.883000e-002
32  7.899000e-002
33  7.229000e-002
34  6.752000e-002
35  6.638000e-002
36  6.060000e-001
37  1.471000e+000
38  2.498000e+000
39  4.325000e+000
40  1.343000e+000
41  1.739000e+000
42  6.367000e-001
43  8.263000e-002
44  7.092000e-002
45  6.401000e-002
46  8.165000e-002
47  6.147000e+000
48  1.896000e+000
49  5.055000e+000
50  3.448000e+000
51  4.685000e+000
52  1.193000e+000
53  8.208000e-001
54  4.022000e-001
55  3.618000e-001
56  3.286000e-001
57  3.022000e-001
58  2.825000e-001
59  6.520000e+000
60  2.794000e-001
61  7.458000e-001
62  4.046000e-001
63  2.071000e-001
64  1.993000e+000
65  1.957000e-001
66  1.646000e-001
67  1.446000e-001
68  1.284000e-001
69  1.199000e-001
70  1.142000e-001
71  1.050000e-001
72  9.674000e-002
73  9.476000e-002
74  8.397000e-002
75  9.517000e-001
76  1.638000e+000
77  7.283000e-001
78  8.850000e-002
79  7.258000e-002
80  6.281000e-002
81  5.926000e-002
82  6.165000e-002
83  6.300000e-002
84  5.824000e-002
85  5.174000e-002
86  5.859000e+000
87  6.322000e-001
88  5.765000e-002
89  1.886000e+000
90  9.201000e-002
91  2.014000e+000
92  6.528000e-002
93  5.798000e-002
94  5.309000e-002
95  4.201000e-001
96  7.032000e-002
97  1.052000e-001
98  1.138000e+001
99  6.533000e+000
100  2.091000e+000
101  6.013000e-001
102  9.606000e-002
103  8.266000e-002
104  7.493000e-002
105  6.765000e-002
106  6.445000e-002
107  6.523000e-002
108  5.965000e-002
109  5.459000e-001
110  7.065000e-002
111  5.901000e-002
112  5.416000e-002
113  4.458000e-002
114  3.419000e-002
115  2.932000e-002
116  2.593000e-002
117  2.562000e-002
118  2.559000e-002
119  1.436000e-001
120  3.633000e-002
121  4.357000e-002
122  8.205000e-001
123  8.403000e+000
124  1.104000e-001
125  1.378000e-001
126  3.270000e-002
127  2.206000e-002
128  1.802000e-002
129  1.770000e-002
130  2.281000e-002
131  2.985000e-001
132  9.733000e-001
133  4.451000e-002
134  2.982000e-002
135  2.111000e-001
136  2.677000e-002
137  2.376000e-002
138  1.193000e-002
139  7.471000e-003
140  4.425000e-003
141  6.319000e-003
   2 
1  3.184000e-002
2  2.247000e+000
3  4.937000e-002
4  1.415000e+000
5  2.067000e-002
6  3.221000e-003
7  1.040000e-004
8  0.000000e+000
9  0.000000e+000
10  1.944000e-003
11  5.884000e-003
12  1.135000e-002
13  1.300000e-002
14  1.200000e-002
15  6.171000e-001
16  1.982000e+000
17  6.590000e-001
18  4.399000e-002
19  1.983000e-003
20  0.000000e+000
21  0.000000e+000
22  4.197000e-003
23  7.557000e-003
24  2.180000e-001
25  3.182000e+000
26  4.013000e+000
27  2.290000e-001
28  9.116000e-001
29  1.275000e-001
30  1.369000e-002
31  1.703000e-003
32  4.939000e-005
33  1.008000e-005
34  2.384000e-005
35  3.161000e-003
36  1.392000e-002
37  9.925000e-003
38  3.334000e-002
39  2.340000e-001
40  2.800000e-002
41  1.390000e-001
42  2.226000e-002
43  4.988000e-003
44  1.910000e-004
45  0.000000e+000
46  9.419000e-004
47  1.861000e-001
48  5.847000e-001
49  2.711000e+000
50  2.175000e+000
51  1.805000e+000
52  1.581000e+000
53  8.963000e-001
54  2.904000e-001
55  1.068000e-002
56  0.000000e+000
57  2.712000e-006
58  2.865000e-003
59  2.874000e-001
60  2.729000e-001
61  1.566000e-001
62  2.699000e-002
63  1.048000e-002
64  3.038000e-002
65  1.878000e-002
66  4.809000e-003
67  8.507000e-005
68  0.000000e+000
69  1.545000e-004
70  1.153000e-003
71  1.291000e-003
72  1.947000e-003
73  7.970000e-003
74  4.513000e-003
75  2.621000e-002
76  3.425000e-002
77  2.327000e-002
78  6.754000e-003
79  8.856000e-005
80  0.000000e+000
81  6.076000e-005
82  3.265000e-003
83  9.371000e-003
84  9.158000e-003
85  6.863000e-003
86  6.349000e-001
87  1.486000e-002
88  5.713000e-003
89  9.116000e-003
90  1.238000e-002
91  1.521000e-002
92  2.696000e-003
93  4.507000e-004
94  1.690000e-004
95  2.459000e-002
96  1.886000e-002
97  1.070000e-002
98  8.273000e-001
99  1.722000e+000
100  2.937000e-001
101  2.386000e-002
102  8.614000e-003
103  1.488000e-003
104  7.760000e-004
105  7.097000e-006
106  1.056000e-003
107  4.960000e-003
108  5.008000e-003
109  1.746000e-002
110  1.335000e-002
111  6.211000e-003
112  5.720000e-003
113  1.094000e-003
114  0.000000e+000
115  0.000000e+000
116  0.000000e+000
117  0.000000e+000
118  8.127000e-005
119  1.133000e-002
120  8.690000e-003
121  1.069000e-002
122  5.221000e-003
123  9.818000e-001
124  3.401000e-002
125  1.779000e-002
126  4.791000e-003
127  8.351000e-006
128  0.000000e+000
129  0.000000e+000
130  1.587000e-003
131  1.283000e-002
132  2.030000e-002
133  2.508000e-002
134  1.153000e-002
135  7.622000e-003
136  6.934000e-003
137  5.460000e-003
138  0.000000e+000
139  0.000000e+000
140  0.000000e+000
141  0.000000e+000
