   1 
11  3.191000e+001
12  2.373000e+001
13  1.084000e+001
14  2.838000e+002
15  3.164000e+002
16  1.943000e+002
17  7.116000e+001
18  2.487000e+001
19  0.000000e+000
20  0.000000e+000
21  0.000000e+000
22  4.786000e+000
23  1.228000e+002
24  5.949000e+001
25  8.594000e+001
26  3.983000e+002
27  4.288000e+002
28  2.296000e+002
29  1.260000e+002
30  8.282000e+000
31  0.000000e+000
32  0.000000e+000
33  0.000000e+000
34  0.000000e+000
35  9.248000e+001
36  4.710000e+001
37  1.306000e+002
38  2.049000e+002
39  1.972000e+002
40  1.268000e+002
41  1.291000e+002
42  7.273000e+000
43  0.000000e+000
44  0.000000e+000
45  0.000000e+000
46  6.719000e-002
47  1.645000e+002
48  1.236000e+002
49  2.719000e+002
50  1.970000e+002
51  2.188000e+002
52  2.958000e+002
53  2.061000e+002
54  2.094000e+001
55  1.189000e-003
56  0.000000e+000
57  2.320000e-002
58  2.363000e+000
59  5.200000e+002
60  1.072000e+002
61  1.263000e+002
62  1.351000e+002
63  1.829000e+001
64  2.657000e+002
65  2.711000e+002
66  1.445000e+002
67  1.291000e-002
68  0.000000e+000
69  2.944000e-001
70  2.529000e+000
71  9.557000e+000
72  5.166000e+000
73  2.113000e+001
74  1.462000e+002
75  9.293000e+001
76  4.770000e+002
77  4.978000e+001
78  4.746000e+000
79  5.891000e-001
80  0.000000e+000
81  0.000000e+000
82  1.351000e+000
83  4.895000e+000
84  3.456000e+000
85  1.118000e+001
86  6.924000e+001
87  4.010000e+001
88  1.456000e+002
89  3.431000e+001
90  1.299000e-001
91  9.300000e+000
92  0.000000e+000
93  0.000000e+000
94  1.279000e+000
95  6.394000e+001
96  2.538000e+001
97  3.042000e+001
98  4.835000e+002
99  6.594000e+002
100  6.331000e+001
101  4.617000e+001
102  1.712000e+000
103  0.000000e+000
104  0.000000e+000
105  0.000000e+000
106  0.000000e+000
107  1.079000e+000
108  2.384000e+000
109  8.279000e+001
110  2.442000e+001
111  3.043000e+001
112  4.437000e+001
113  0.000000e+000
114  0.000000e+000
115  0.000000e+000
116  0.000000e+000
117  0.000000e+000
118  0.000000e+000
119  5.452000e+001
120  5.221000e+001
121  5.255000e+001
122  2.331000e+002
123  3.348000e+002
124  8.554000e+001
125  1.438000e+000
126  0.000000e+000
127  0.000000e+000
128  0.000000e+000
129  0.000000e+000
130  1.019000e-002
131  6.683000e+000
   2 
11  0.000000e+000
12  8.118000e+000
13  1.633000e+000
14  1.041000e+002
15  7.258000e+001
16  5.938000e+001
17  2.468000e+001
18  3.504000e+000
19  0.000000e+000
20  0.000000e+000
21  0.000000e+000
22  0.000000e+000
23  2.681000e+001
24  6.794000e+000
25  4.870000e+001
26  1.783000e+002
27  1.817000e+002
28  9.051000e+001
29  6.511000e+001
30  2.586000e+001
31  7.888000e+000
32  3.800000e+000
33  3.838000e+000
34  6.321000e+000
35  2.330000e+001
36  3.220000e+001
37  4.023000e+001
38  8.797000e+001
39  5.452000e+001
40  3.566000e+001
41  3.937000e+001
42  1.111000e+001
43  8.829000e-001
44  0.000000e+000
45  0.000000e+000
46  2.061000e+000
47  1.060000e+001
48  4.210000e+001
49  1.221000e+002
50  1.248000e+002
51  9.892000e+001
52  1.348000e+002
53  1.131000e+002
54  4.109000e+001
55  1.869000e+001
56  8.750000e+000
57  1.198000e+001
58  1.571000e+001
59  1.310000e+002
60  7.903000e+001
61  8.126000e+001
62  6.102000e+001
63  2.079000e+001
64  8.096000e+001
65  1.295000e+002
66  9.135000e+001
67  4.269000e+001
68  2.660000e+001
69  2.556000e+001
70  2.693000e+001
71  2.541000e+001
72  2.320000e+001
73  1.881000e+001
74  3.234000e+001
75  3.811000e+001
76  1.792000e+002
77  3.723000e+001
78  1.508000e+001
79  5.061000e+000
80  3.376000e-001
81  5.171000e-001
82  4.444000e+000
83  6.983000e+000
84  6.524000e+000
85  4.711000e+000
86  1.707000e+001
87  1.950000e+000
88  8.599000e+000
89  7.479000e-002
90  0.000000e+000
91  0.000000e+000
92  0.000000e+000
93  0.000000e+000
94  0.000000e+000
95  0.000000e+000
96  5.242000e-002
97  2.681000e+000
98  1.968000e+002
99  2.662000e+002
100  3.347000e+001
101  1.803000e+001
102  1.274000e+000
103  0.000000e+000
104  0.000000e+000
105  0.000000e+000
106  0.000000e+000
107  6.451000e-001
108  1.420000e+000
109  5.301000e+000
110  3.245000e+000
111  3.634000e+000
112  3.058000e+000
113  0.000000e+000
114  0.000000e+000
115  0.000000e+000
116  0.000000e+000
117  0.000000e+000
118  0.000000e+000
119  0.000000e+000
120  9.179000e+000
121  6.823000e+000
122  8.004000e+001
123  6.225000e+001
124  1.539000e+001
125  1.881000e-001
126  0.000000e+000
127  0.000000e+000
128  0.000000e+000
129  0.000000e+000
130  0.000000e+000
131  0.000000e+000
